Car3A 
275.213 
0.2832351 
250.6334 
0 
270 
0 
Car2B 
350.711 
0.3275981 
271.479 
0 
88.68103 
0 
Car5A 
287.4299 
0 
295.3477 
0 
0 
0 
Car1B 
260.5301 
0.32 
278.6971 
0 
180 
0 
Car3B 
359.4333 
0 
266.3159 
0 
0 
0 
Car4A 
168.4497 
0.3200001 
247.5417 
0 
90.00001 
-1.525879E-05 
Car6A 
251.5927 
0 
241.9444 
0 
0 
0 
Car3B 
160.4419 
0.32 
286.5707 
0 
90.00001 
0 
Car4A 
203.5349 
0.32 
187.9969 
0 
0 
0 
Car4A 
227.4174 
0.2680855 
242.333 
0 
0 
0 
Car6A 
75.06994 
0 
232.6496 
0 
0 
0 
Car3B 
209.9595 
0.32 
247.4358 
0 
90.00001 
0 
Car2A 
176.5909 
0.32 
255.9191 
0 
0 
0 
Car4B 
286.533 
0.32 
211.5601 
0 
90.00001 
0 
Car6A 
203.5898 
0.32 
244.0287 
0 
0 
0 
Car5B 
320.4312 
0.3148274 
339.0335 
0 
180 
0 
Car1A 
191.4598 
0.32 
327.0598 
0 
0 
0 
Car6B 
256.4789 
0.32 
247.6084 
0 
90.00001 
0 
Car6B 
272.7219 
0.2949333 
214.5483 
0 
270 
0 
Car2A 
269.6897 
0.3060808 
247.5988 
0 
90.00001 
0 
Car1B 
220.3703 
0.2377138 
310.5179 
0 
270 
0 
