Road2 
202 
0 
249 
0 
0 
0 
Street_well2 
317.2891 
0.2979326 
274.3938 
0 
122.9742 
0 
Street_well1 
144.9429 
0.3037593 
306.3839 
0 
0 
0 
Street_well1 
252.553 
0.3037593 
315.4155 
0 
90.00001 
0 
Streetlight1A 
327.5781 
0.4555454 
276.6999 
0 
90.00001 
-1.525879E-05 
Streetlight_el1 
327.744 
3.478878 
276.6999 
1.525879E-05 
180 
0 
Streetlight_el3 
327.5781 
6.555636 
276.6999 
0 
90.00001 
-1.525879E-05 
Streetlight_el4 
327.5781 
8.976398 
276.6262 
0 
90.00001 
-1.525879E-05 
Street_well1 
151.405 
0.3037593 
331.65 
0 
90.00001 
0 
Streetlight1A 
353.4175 
0.4852123 
244.5997 
0 
0 
0 
Streetlight_el4 
353.4912 
9.006065 
244.5997 
0 
0 
0 
Street_well2 
168.6504 
0.2979326 
214.6902 
0 
122.9742 
0 
Street_well2 
263.5512 
0.2979326 
197.9103 
0 
122.9742 
0 
Street_well1 
151.3443 
0.3037593 
159.1104 
0 
90.00001 
0 
Road8 
166 
0 
249 
0 
270 
0 
Road6 
226 
0 
165 
0 
0 
0 
Street_well1 
204.5921 
0.3037593 
237.9359 
0 
90.00001 
0 
Road1 
238 
0 
213 
0 
90.00001 
0 
Street_well1 
156.674 
0.3037593 
164.9276 
0 
90.00001 
0 
Street_well2 
359.5057 
0.2979326 
260.2533 
0 
122.9742 
0 
Streetlight1A 
313.1443 
0.4555454 
269.5635 
0 
270 
0 
Streetlight_el1 
312.9785 
3.478878 
269.5635 
0 
0 
0 
Streetlight_el3 
313.1443 
6.555636 
269.5635 
0 
270 
0 
Streetlight_el4 
313.1443 
8.976398 
269.6372 
0 
270 
0 
Road1 
154 
0 
321 
0 
0 
0 
Street_well1 
228.5663 
0.3037593 
338.5125 
0 
90.00001 
0 
Streetlight1A 
267.9581 
0.5142231 
216.8024 
0 
90.00001 
0 
Streetlight_el1 
268.124 
3.537556 
216.8024 
0 
180 
0 
Streetlight_el3 
267.9581 
6.614314 
216.8024 
0 
90.00001 
0 
Streetlight_el4 
267.9581 
9.035076 
216.7288 
0 
90.00001 
0 
Street_well1 
138.1129 
0.3037593 
275.688 
0 
0 
0 
Road8 
310 
0 
273 
0 
90.00001 
0 
Street_well2 
165.5204 
0.2979326 
247.3672 
0 
336.4594 
0 
Street_well1 
277.1481 
0.3037593 
251.6772 
0 
0 
0 
Street_well1 
324.6176 
0.3037593 
278.6783 
0 
90.00001 
0 
Streetlight2 
172.3864 
0.4050808 
217.6513 
0 
0 
0 
Street_well1 
180.6777 
0.3037593 
196.1703 
0 
90.00001 
0 
Road1 
298 
0 
249 
0 
90.00001 
0 
Street_well1 
266.621 
0.3037593 
306.3382 
0 
0 
0 
Road8 
274 
-0.0007970631 
213 
0 
270 
0 
Road1 
358 
0 
261 
0 
0 
0 
Streetlight_el4 
217.4237 
9.006065 
324.9291 
0 
90.00001 
0 
Streetlight1A 
217.4237 
0.4852123 
325.0027 
0 
90.00001 
0 
Signboard1 
157.407 
0 
322.9085 
0 
180 
0 
Street_well2 
153.1623 
0.2979326 
289.753 
0 
336.4594 
0 
Street_well1 
219.2535 
0.3037593 
155.6389 
0 
0 
0 
Street_well1 
170.134 
0.3037593 
342.3329 
0 
0 
0 
Road4 
154 
0 
153 
0 
0 
0 
Street_well1 
296.9121 
0.3037593 
270.3623 
0 
0 
0 
Street_well2 
260.6585 
0.2979326 
231.0653 
0 
122.9742 
0 
Road8 
238 
0 
285 
0 
90.00001 
0 
Street_well1 
156.5612 
0.3037593 
256.3224 
0 
90.00001 
0 
Street_well1 
139.092 
0.3037593 
246.3683 
0 
0 
0 
Road6 
250 
0 
177 
0 
270 
0 
Street_well1 
127.3578 
0.3037593 
280.4482 
0 
90.00001 
0 
Streetlight1A 
232.4863 
0.4852123 
349.0102 
0 
90.00001 
0 
Streetlight_el4 
232.4863 
9.006065 
348.9366 
0 
90.00001 
0 
Road8 
190 
0 
213 
0 
270 
0 
Road8 
202 
0 
189 
0 
180 
0 
Street_well1 
324.7202 
0.3037593 
245.0509 
0 
90.00001 
0 
Street_well1 
178.2607 
0.3037593 
347.6513 
0 
0 
0 
Road1 
250 
0 
321 
0 
0 
0 
Road2 
262 
0 
213 
0 
0 
0 
Streetlight2 
232.3253 
0.4050808 
208.5143 
0 
0 
0 
Street_well2 
180.3999 
0.2979326 
151.5784 
0 
122.9742 
0 
Gas_Station_road 
286 
0 
345 
0 
270 
0 
Street_well1 
258.064 
0.3037593 
311.6389 
0 
0 
0 
Street_well1 
156.7332 
0.3037593 
242.3895 
0 
90.00001 
0 
Signboard5 
147.6971 
0 
243.28 
0 
270 
0 
Streetlight1A 
280.8586 
0.4852123 
349.0102 
0 
90.00001 
0 
Streetlight_el4 
280.8586 
9.006065 
348.9366 
0 
90.00001 
0 
Road6 
214 
0 
309 
0 
0 
0 
Street_well1 
288.5923 
0.3037593 
292.2831 
0 
90.00001 
0 
Streetlight1A 
157.8402 
0.4852123 
336.6893 
0 
180 
0 
Streetlight_el4 
157.7665 
9.006065 
336.6893 
0 
180 
0 
Street_well1 
252.553 
0.3037593 
334.2599 
0 
90.00001 
0 
Signboard4 
212.0079 
0 
243.4536 
0 
270 
0 
Street_well1 
324.6176 
0.3037593 
326.6566 
0 
90.00001 
0 
Streetlight1A 
235.5765 
0.4852123 
288.9752 
0 
90.00001 
0 
Streetlight_el4 
235.5765 
9.006065 
288.9015 
0 
90.00001 
0 
Road4 
154 
0 
309 
0 
270 
0 
Street_well1 
176.777 
0.3037593 
246.3683 
0 
0 
0 
Street_well2 
162.7705 
0.2979326 
154.3298 
0 
122.9742 
0 
Street_well2 
320.7458 
0.2979326 
319.5941 
0 
122.9742 
0 
Street_well1 
151.3443 
0.3037593 
171.0004 
0 
90.00001 
0 
Street_el1 
262.1399 
0 
220.0801 
0 
0 
0 
Street_el2 
259.6607 
7.176059 
220.9085 
0 
0.8668173 
0 
Street_el2 
264.8873 
7.176059 
219.2243 
3.167624E-07 
180 
356.3742 
Street_el3 
264.2512 
7.176059 
220.8619 
0 
0 
0 
Street_el3 
259.8146 
7.176059 
219.1777 
0 
180 
0 
Street_well2 
263.4141 
0.2979326 
217.8573 
0 
122.9742 
0 
Signboard4 
258.4245 
0 
237.3762 
0 
0 
0 
Streetlight2 
135.5833 
0.4050808 
277.5121 
0 
0 
0 
Street_well1 
355.3446 
0.3037593 
254.3234 
0 
90.00001 
0 
Road1 
310 
0 
249 
0 
90.00001 
0 
Street_well2 
287.3209 
0.2979326 
211.6594 
0 
122.9742 
0 
Road1 
214 
0 
153 
0 
90.00001 
0 
Street_well1 
242.9063 
0.3037593 
342.3726 
0 
0 
0 
Street_well1 
219.1125 
0.3037593 
174.3204 
0 
0 
0 
Streetlight2 
157.6665 
0.4050808 
282.7583 
0 
0 
0 
Street_well1 
295.1359 
0.3037593 
275.6693 
0 
0 
0 
Street_well1 
171.3877 
0.3037593 
251.6772 
0 
0 
0 
Streetlight2 
157.6665 
0.4050808 
269.942 
0 
0 
0 
Street_well1 
259.3541 
0.3037593 
187.8378 
0 
90.00001 
0 
Streetlight1A 
234.2961 
0.4852123 
252.6981 
0 
90.00001 
0 
Streetlight_el4 
234.2961 
9.006065 
252.6245 
0 
90.00001 
0 
Road4 
226 
0 
321 
0 
270 
0 
Street_well1 
144.9745 
0.3037593 
270.4098 
0 
0 
0 
Street_well2 
346.5948 
0.2979326 
271.5247 
0 
122.9742 
0 
Streetlight1A 
205.8272 
0.4852123 
185.6159 
0 
180 
0 
Streetlight_el4 
205.7535 
9.006065 
185.6159 
0 
180 
0 
Signboard5 
268.7804 
0 
278.4903 
0 
90.00001 
0 
Street_well1 
283.5949 
0.3037593 
246.3917 
0 
0 
0 
Road4 
178 
0 
177 
0 
270 
0 
Street_well1 
132.6769 
0.3037593 
287.7863 
0 
90.00001 
0 
Street_well1 
127.3578 
0.3037593 
294.0018 
0 
90.00001 
0 
Road1 
154 
0 
333 
0 
0 
0 
Street_well2 
263.4347 
0.2979326 
270.5414 
0 
122.9742 
0 
Street_el1 
178.0425 
0 
205.9536 
0 
0 
0 
Street_el2 
175.5633 
7.176059 
206.7821 
0 
0.8668173 
0 
Street_el2 
180.7899 
7.176059 
205.0979 
3.167624E-07 
180 
356.3742 
Street_el3 
180.1538 
7.176059 
206.7355 
0 
0 
0 
Street_el3 
175.7172 
7.176059 
205.0513 
0 
180 
0 
Streetlight1A 
268.3048 
0.5142231 
252.7193 
0 
90.16204 
0 
Streetlight_el1 
268.4707 
3.537556 
252.7188 
0 
180.162 
0 
Streetlight_el3 
268.3048 
6.614314 
252.7193 
0 
90.16204 
0 
Streetlight_el4 
268.3046 
9.035076 
252.6456 
0 
90.16204 
0 
Street_well1 
167.0972 
0.3037593 
174.3468 
0 
0 
0 
Street_well1 
247.3743 
0.3037593 
320.9388 
0 
90.00001 
0 
Street_well1 
349.4192 
0.3037593 
239.5995 
0 
0 
0 
Street_well1 
288.5923 
0.3037593 
278.8026 
0 
90.00001 
0 
Streetlight2 
157.6665 
0.4050808 
258.8702 
0 
0 
0 
Street_well1 
216.6628 
0.3037593 
294.5964 
0 
90.00001 
0 
Street_well1 
137.8825 
0.3037593 
311.6544 
0 
0 
0 
Road5 
226 
0 
285 
0 
270 
0 
Street_well2 
118.7389 
0.2979326 
237.0366 
0 
336.4594 
0 
Streetlight1A 
304.2829 
0.4852123 
209.4577 
0 
270 
0 
Streetlight_el4 
304.2829 
9.006065 
209.5314 
0 
270 
0 
Signboard1 
144.3911 
0 
267.4742 
0 
270 
0 
Street_well1 
231.3551 
0.3037593 
251.688 
0 
0 
0 
Street_well2 
300.4875 
0.2979326 
247.547 
0 
122.9742 
0 
Street_well1 
156.7332 
0.3037593 
222.7351 
0 
90.00001 
0 
Street_el1 
195.2986 
0 
212.8766 
0 
90.00001 
0 
Street_el2 
196.1271 
7.176059 
215.3558 
0 
90.86681 
0 
Street_el2 
194.4429 
7.176059 
210.1292 
6.403302E-07 
270 
356.3742 
Street_el3 
196.0805 
7.176059 
210.7652 
0 
90.00001 
0 
Street_el3 
194.3963 
7.176059 
215.2019 
0 
270 
0 
Street_well1 
207.0283 
0.3037593 
323.609 
0 
0 
0 
Signboard1 
318.5843 
0 
225.2207 
0 
0 
0 
Street_well1 
197.9788 
0.3037593 
323.609 
0 
0 
0 
Street_well2 
215.9485 
0.2979326 
286.9973 
0 
122.9742 
0 
Street_well1 
254.0331 
0.3037593 
179.6594 
0 
0 
0 
Signboard3 
270.5123 
0 
209.4186 
0 
270 
0 
Street_well1 
250.1559 
0.3037593 
347.6398 
0 
0 
0 
Signboard5 
160.6611 
0 
254.4195 
0 
90.00001 
0 
Street_well1 
227.5729 
0.3037593 
210.4185 
0 
0 
0 
Street_well2 
323.5581 
0.2979326 
249.2948 
0 
122.9742 
0 
Signboard5 
148.308 
0 
267.5479 
0 
270 
0 
Road4 
226 
0 
345 
0 
90.00001 
0 
Road4 
202 
0 
285 
0 
90.00001 
0 
Road8 
154 
0 
237 
0 
0 
0 
Signboard3 
172.9249 
0 
149.5883 
0 
270 
0 
Road7 
154 
0 
291 
0 
0 
0 
Signboard3 
270.5123 
0 
269.3233 
0 
270 
0 
Street_well1 
208.478 
0.3037593 
210.4185 
0 
0 
0 
Road7 
118 
0 
231 
7.016709E-15 
180 
7.016709E-15 
Streetlight1A 
265.5977 
0.5063496 
207.4655 
0 
180 
0 
Streetlight_el3 
265.5977 
6.606441 
207.4655 
0 
180 
0 
Streetlight_el4 
265.5241 
9.027203 
207.4655 
0 
180 
0 
Road4 
154 
0 
345 
0 
90.00001 
0 
Signboard3 
318.3858 
0 
337.0555 
0 
0 
0 
Streetlight1A 
161.0667 
0.4852123 
348.9627 
0 
90.00001 
0 
Streetlight_el4 
161.0667 
9.006065 
348.889 
0 
90.00001 
0 
Street_well1 
216.6628 
0.3037593 
307.8144 
0 
90.00001 
0 
Signboard3 
256.5435 
0 
224.369 
0 
0 
0 
Streetlight2 
217.6383 
0.4050808 
208.5143 
0 
0 
0 
Road8 
298 
0 
273 
0 
270 
0 
Street_well2 
133.0169 
0.2979326 
250.3908 
0 
336.4594 
0 
Street_well1 
160.6487 
0.3037593 
155.7088 
0 
0 
0 
Road1 
214 
0 
177 
0 
90.00001 
0 
Street_well1 
188.6245 
0.3037593 
210.3204 
0 
0 
0 
Signboard5 
328.5007 
0 
278.4903 
0 
90.00001 
0 
Street_well2 
136.8085 
0.2979326 
307.9447 
0 
122.9742 
0 
Road1 
274 
0 
309 
0 
90.00001 
0 
Street_well1 
269.7475 
0.3037593 
246.3917 
0 
0 
0 
Road1 
142 
0 
273 
0 
90.00001 
0 
Signboard1 
172.0988 
0 
182.9613 
0 
0 
0 
Streetlight1A 
296.5404 
0.1215191 
331.7784 
0 
270 
0 
Streetlight_el4 
296.5404 
8.642372 
331.8521 
0 
270 
0 
Street_well1 
151.405 
0.3037593 
317.4796 
0 
90.00001 
0 
Signboard1 
205.3983 
0 
272.9921 
0 
180 
0 
Streetlight1A 
325.4596 
0.4852123 
335.4924 
0 
180 
0 
Streetlight_el4 
325.386 
9.006065 
335.4924 
0 
180 
0 
Street_well1 
266.8934 
0.3037593 
347.6398 
0 
0 
0 
Street_el1 
214.1465 
0 
292.4868 
0 
0 
0 
Street_el2 
211.6673 
7.176059 
293.3153 
0 
0.8668173 
0 
Street_el2 
216.8939 
7.176059 
291.6311 
3.167624E-07 
180 
356.3742 
Street_el3 
216.2578 
7.176059 
293.2687 
0 
0 
0 
Street_el3 
211.8212 
7.176059 
291.5845 
0 
180 
0 
Street_well1 
209.0157 
0.3037593 
282.4075 
0 
0 
0 
Street_well1 
204.5921 
0.3037593 
190.6843 
0 
90.00001 
0 
Road8 
322 
0 
321 
0 
180 
0 
Signboard5 
328.5007 
0 
242.5481 
0 
90.00001 
0 
Street_well1 
319.3513 
0.3037593 
222.2024 
0 
90.00001 
0 
Street_well1 
182.9081 
0.3037593 
342.4323 
0 
0 
0 
Street_well1 
324.7202 
0.3037593 
260.7995 
0 
90.00001 
0 
Street_well1 
259.3541 
0.3037593 
273.7865 
0 
90.00001 
0 
Signboard3 
318.4207 
0 
267.7978 
0 
0 
0 
Street_el1 
286.2121 
0 
282.4112 
0 
0 
0 
Street_el2 
283.7329 
7.176059 
283.2397 
0 
0.8668173 
0 
Street_el2 
288.9594 
7.176059 
281.5555 
3.167624E-07 
180 
356.3742 
Street_el3 
288.3234 
7.176059 
283.1931 
0 
0 
0 
Street_el3 
283.8867 
7.176059 
281.5089 
0 
180 
0 
Road8 
154 
0 
261 
0 
180 
0 
Road1 
202 
0 
261 
0 
0 
0 
Road1 
226 
0 
213 
0 
90.00001 
0 
Street_well2 
208.3215 
0.2979326 
178.6848 
0 
122.9742 
0 
Street_well1 
172.7453 
0.3037593 
155.7285 
0 
0 
0 
Signboard3 
217.1113 
0 
156.4767 
0 
90.00001 
0 
Street_well1 
199.4067 
0.3037593 
255.7888 
0 
90.00001 
0 
Street_well2 
272.1008 
0.2979326 
307.7983 
0 
122.9742 
0 
Street_well2 
236.1605 
0.2979326 
343.5096 
0 
122.9742 
0 
Street_well1 
235.7647 
0.3037593 
282.4075 
0 
0 
0 
Streetlight1A 
325.4596 
0.4852123 
301.5517 
0 
180 
0 
Streetlight_el4 
325.386 
9.006065 
301.5517 
0 
180 
0 
Street_well2 
260.7548 
0.2979326 
208.0474 
0 
122.9742 
0 
Street_well1 
171.5396 
0.3037593 
179.6024 
0 
0 
0 
Road4 
358 
0 
237 
0 
270 
0 
Street_well1 
115.3369 
0.3037593 
231.824 
0 
90.00001 
0 
Streetlight2 
210.0691 
0.4050808 
280.4651 
0 
0 
0 
Road1 
142 
0 
309 
0 
90.00001 
0 
Road1 
178 
0 
345 
0 
90.00001 
0 
Streetlight1A 
205.6602 
0.4852123 
226.8005 
0 
180 
0 
Streetlight_el4 
205.5865 
9.006065 
226.8005 
0 
180 
0 
Road8 
250 
-0.0007970631 
213 
0 
90.00001 
0 
Streetlight1A 
157.8402 
0.4852123 
317.0465 
0 
180 
0 
Streetlight_el4 
157.7665 
9.006065 
317.0465 
0 
180 
0 
Road1 
166 
0 
177 
0 
90.00001 
0 
Streetlight2 
281.3354 
0.4050808 
245.3533 
0 
0 
0 
Street_well1 
350.6974 
0.3037593 
270.3839 
0 
0 
0 
Street_well1 
283.3358 
0.3037593 
300.9434 
0 
90.00001 
0 
Road6 
214 
0 
213 
0 
270 
0 
Street_well2 
152.7984 
0.2979326 
321.2013 
0 
122.9742 
0 
Street_el1 
154.0927 
0 
256.5836 
0 
0 
0 
Street_el2 
151.6135 
7.176059 
257.412 
0 
0.8668173 
0 
Street_el2 
156.8401 
7.176059 
255.7278 
3.167624E-07 
180 
356.3742 
Street_el3 
156.204 
7.176059 
257.3654 
0 
0 
0 
Street_el3 
151.7674 
7.176059 
255.6812 
0 
180 
0 
Street_well2 
238.1384 
0.2979326 
211.6809 
0 
122.9742 
0 
Road6 
226 
0 
249 
0 
270 
0 
Street_well1 
156.5612 
0.3037593 
280.0956 
0 
90.00001 
0 
Street_well1 
160.2154 
0.3037593 
179.6817 
0 
0 
0 
Road1 
310 
0 
345 
0 
90.00001 
0 
Signboard3 
196.5712 
0 
238.12 
0 
0 
0 
Road1 
238 
0 
345 
0 
90.00001 
0 
Signboard5 
148.4822 
0 
280.7727 
0 
0 
0 
Streetlight1A 
325.4596 
0.4852123 
319.9172 
0 
180 
0 
Streetlight_el4 
325.386 
9.006065 
319.9172 
0 
180 
0 
Road3 
214 
0 
321 
0 
90.00001 
0 
Street_well1 
268.1812 
0.3037593 
275.5629 
0 
0 
0 
Street_well2 
190.5363 
0.2979326 
211.4073 
0 
122.9742 
0 
Street_well1 
283.357 
0.3037593 
288.8302 
0 
90.00001 
0 
Road1 
178 
0 
201 
0 
0 
0 
Streetlight1A 
306.5964 
0.4852123 
349.0102 
0 
90.00001 
0 
Streetlight_el4 
306.5964 
9.006065 
348.9366 
0 
90.00001 
0 
Street_well1 
215.7285 
0.3037593 
246.3393 
0 
0 
0 
Streetlight1A 
190.3822 
0.4852123 
209.4577 
0 
270 
0 
Streetlight_el4 
190.3822 
9.006065 
209.5314 
0 
270 
0 
Street_well1 
230.6472 
0.3037593 
246.3917 
0 
0 
0 
Road3 
178 
0 
213 
0 
90.00001 
0 
Streetlight1A 
331.3627 
0.4852123 
233.5057 
0 
270 
0 
Streetlight_el4 
331.3627 
9.006065 
233.5794 
0 
270 
0 
Road9 
202 
0 
273 
0 
180 
0 
Street_well1 
264.5847 
0.3037593 
227.5861 
0 
90.00001 
0 
Street_well1 
307.9161 
0.3037593 
275.691 
0 
0 
0 
Signboard5 
230.1509 
0 
170.2203 
0 
180 
0 
Street_well1 
183.1917 
0.3037593 
150.3817 
0 
0 
0 
Streetlight1A 
325.6096 
0.4555454 
263.8552 
0 
180 
-1.525879E-05 
Streetlight_el1 
325.6096 
3.478878 
263.6893 
1.525879E-05 
270 
0 
Streetlight_el3 
325.6096 
6.555636 
263.8552 
0 
180 
-1.525879E-05 
Streetlight_el4 
325.5359 
8.976398 
263.8552 
0 
180 
-1.525879E-05 
Streetlight1A 
170.7216 
0.4852123 
245.1143 
0 
270 
0 
Streetlight_el4 
170.7216 
9.006065 
245.188 
0 
270 
0 
Street_well1 
151.3242 
0.3037593 
226.185 
0 
90.00001 
0 
Street_well2 
152.4182 
0.2979326 
229.6456 
0 
336.4594 
0 
Street_well1 
247.3231 
0.3037593 
338.6311 
0 
90.00001 
0 
Street_well1 
215.3405 
0.3037593 
150.3518 
0 
0 
0 
Streetlight1A 
293.4683 
0.4852123 
276.6022 
0 
90.00001 
0 
Streetlight2 
157.2598 
0.4050808 
294.4919 
0 
0 
0 
Street_well1 
268.2554 
0.3037593 
342.3726 
0 
0 
0 
Streetlight_el4 
293.4683 
9.006065 
276.5286 
0 
90.00001 
0 
Street_well2 
355.612 
0.2979326 
240.1696 
0 
122.9742 
0 
Streetlight1A 
265.6451 
0.5142231 
239.5448 
0 
180 
0 
Road4 
130 
0 
273 
0 
0 
0 
Road1 
142 
0 
249 
0 
90.00001 
0 
Street_well1 
199.4067 
0.3037593 
233.8413 
0 
90.00001 
0 
Street_well2 
328.3353 
0.2979326 
235.8952 
0 
122.9742 
0 
Signboard3 
198.3316 
0 
204.6952 
0 
0 
0 
Street_well1 
156.7332 
0.3037593 
233.5922 
0 
90.00001 
0 
Street_well1 
291.0852 
0.3037593 
210.4468 
0 
0 
0 
Road4 
262 
0 
285 
0 
180 
0 
Street_well1 
264.5847 
0.3037593 
254.5197 
0 
90.00001 
0 
Streetlight1A 
265.6451 
0.5142231 
239.5448 
0 
180 
0 
Streetlight_el1 
265.6451 
3.537556 
239.3789 
0 
270 
0 
Streetlight_el3 
265.6451 
6.614314 
239.5448 
0 
180 
0 
Streetlight_el4 
265.5714 
9.035076 
239.5448 
0 
180 
0 
Streetlight1A 
316.3015 
0.4852123 
341.4008 
0 
270 
0 
Street_well2 
320.6451 
0.2979326 
220.1653 
0 
122.9742 
0 
Signboard3 
174.3876 
0 
204.6952 
0 
0 
0 
Street_well1 
300.9518 
0.3037593 
347.6398 
0 
0 
0 
Street_well1 
306.2014 
0.3037593 
210.4468 
0 
0 
0 
Street_well2 
217.8938 
0.2979326 
214.6902 
0 
122.9742 
0 
Streetlight_el4 
316.3015 
9.006065 
341.4745 
0 
270 
0 
Streetlight2 
210.0691 
0.4050808 
305.4329 
0 
0 
0 
Streetlight1A 
123.8296 
0.4852123 
252.7682 
0 
90.00001 
0 
Signboard2 
150.6628 
0 
164.0273 
0 
0 
0 
Road8 
334 
0 
273 
0 
270 
0 
Street_well1 
331.4861 
0.3037593 
239.6311 
0 
0 
0 
Street_well1 
228.7117 
0.3037593 
161.0321 
0 
90.00001 
0 
Streetlight_el4 
123.8296 
9.006065 
252.6946 
0 
90.00001 
0 
Streetlight1A 
254.9837 
0.4852123 
341.4008 
0 
270 
0 
Road4 
226 
0 
153 
0 
270 
0 
Road8 
274 
0 
273 
0 
90.00001 
0 
Street_well1 
223.3725 
0.3037593 
168.6844 
0 
90.00001 
0 
Streetlight_el4 
254.9837 
9.006065 
341.4745 
0 
270 
0 
Streetlight1A 
157.7402 
0.5142231 
239.6999 
0 
180 
0 
Signboard3 
243.7354 
0 
288.4624 
0 
90.00001 
0 
Street_well1 
247.5237 
0.3037593 
246.3917 
0 
0 
0 
Street_well2 
280.0968 
0.2979326 
250.46 
0 
122.9742 
0 
Streetlight_el1 
157.7402 
3.537556 
239.534 
0 
270 
0 
Streetlight_el3 
157.7402 
6.614314 
239.6999 
0 
180 
0 
Streetlight_el4 
157.6665 
9.035076 
239.6999 
0 
180 
0 
Street_well1 
223.3604 
0.3037593 
335.2082 
0 
90.00001 
0 
Signboard3 
246.4159 
0 
337.0555 
0 
0 
0 
Signboard3 
258.5356 
0 
204.6952 
0 
0 
0 
Streetlight1A 
186.3365 
0.4852123 
332.8497 
0 
0 
0 
Road5 
250 
0 
333 
0 
0 
0 
Road1 
274 
0 
249 
0 
90.00001 
0 
Street_well1 
147.8068 
0.3037593 
311.5947 
0 
0 
0 
Streetlight_el4 
186.4102 
9.006065 
332.8497 
0 
0 
0 
Street_el1 
262.1399 
0 
260.9041 
0 
0 
0 
Street_well1 
264.5847 
0.3037593 
195.6822 
0 
90.00001 
0 
Street_well1 
231.8364 
0.3037593 
342.3726 
0 
0 
0 
Street_el2 
259.6607 
7.176059 
261.7326 
0 
0.8668173 
0 
Street_el2 
264.8873 
7.176059 
260.0484 
3.167624E-07 
180 
356.3742 
Street_el3 
264.2512 
7.176059 
261.686 
0 
0 
0 
Street_el3 
259.8146 
7.176059 
260.0018 
0 
180 
0 
Streetlight1A 
210.593 
0.5142231 
252.7193 
0 
90.16204 
0 
Streetlight_el1 
210.7589 
3.537556 
252.7188 
0 
180.162 
0 
Streetlight_el3 
210.593 
6.614314 
252.7193 
0 
90.16204 
0 
Streetlight_el4 
210.5928 
9.035076 
252.6456 
0 
90.16204 
0 
Signboard3 
150.4729 
0 
241.7849 
0 
0 
0 
Street_well2 
212.7948 
0.2979326 
310.1314 
0 
122.9742 
0 
Road9 
250 
0 
285 
0 
270 
0 
Road5 
154 
0 
285 
0 
180 
0 
Streetlight1A 
149.3721 
0.5142231 
259.1877 
0 
0 
0 
Streetlight_el1 
149.3721 
3.537556 
259.3535 
0 
90.00001 
0 
Streetlight_el3 
149.3721 
6.614314 
259.1877 
0 
0 
0 
Streetlight_el4 
149.4457 
9.035076 
259.1877 
0 
0 
0 
Streetlight1B 
280.6534 
0.5819645 
276.8667 
0 
90.00001 
0 
Street_well1 
204.5921 
0.3037593 
274.9973 
0 
90.00001 
0 
Streetlight2 
244.1297 
0.4050808 
208.5143 
0 
0 
0 
Streetlight_el1B 
280.5659 
3.493726 
276.8667 
0 
180 
0 
Streetlight_el2 
280.6534 
4.87893 
276.8667 
0 
90.00001 
0 
Street_well2 
171.5343 
0.2979326 
175.6277 
0 
122.9742 
0 
Road2 
262 
0 
249 
0 
0 
0 
Signboard3 
232.2081 
0 
243.1101 
0 
270 
0 
Road8 
178 
0 
189 
0 
180 
0 
Road1 
166 
0 
153 
0 
90.00001 
0 
Streetlight1A 
266.6075 
0.4852123 
194.5065 
0 
180 
0 
Streetlight_el4 
266.5338 
9.006065 
194.5065 
0 
180 
0 
Streetlight1A 
268.0202 
0.4483166 
276.8977 
0 
90.00001 
0 
Streetlight_el3 
268.0202 
6.548408 
276.8977 
0 
90.00001 
0 
Streetlight_el4 
268.0202 
8.96917 
276.824 
0 
90.00001 
0 
Streetlight1A 
313.0046 
0.4852123 
276.6022 
0 
90.00001 
0 
Street_well1 
264.5847 
0.3037593 
264.3301 
0 
90.00001 
0 
Streetlight2 
309.9523 
0.4050808 
245.3533 
0 
0 
0 
Streetlight_el4 
313.0046 
9.006065 
276.5286 
0 
90.00001 
0 
Road2 
202 
0 
213 
0 
0 
0 
Road4 
130 
0 
309 
0 
90.00001 
0 
Street_well2 
257.1427 
0.2979326 
247.314 
0 
122.9742 
0 
Street_well1 
283.0521 
0.3037593 
347.6398 
0 
0 
0 
Street_well2 
305.3812 
0.2979326 
214.6889 
0 
122.9742 
0 
Street_well1 
347.8598 
0.3037593 
275.6693 
0 
0 
0 
Road3 
250 
0 
345 
0 
90.00001 
0 
Road4 
154 
0 
177 
0 
90.00001 
0 
Streetlight1A 
256.1595 
0.4852123 
288.9752 
0 
90.00001 
0 
Street_well1 
204.5921 
0.3037593 
259.8833 
0 
90.00001 
0 
Streetlight_el4 
256.1595 
9.006065 
288.9015 
0 
90.00001 
0 
Street_well1 
319.382 
0.3037593 
330.194 
0 
90.00001 
0 
Streetlight1A 
351.1246 
0.4852123 
233.5057 
0 
270 
0 
Road1 
286 
0 
297 
0 
0 
0 
Street_well1 
246.618 
0.3037593 
210.3189 
0 
0 
0 
Signboard3 
253.2131 
0 
216.4955 
0 
90.00001 
0 
Street_well1 
196.1477 
0.3037593 
318.381 
0 
0 
0 
Streetlight_el4 
351.1246 
9.006065 
233.5794 
0 
270 
0 
Streetlight1A 
142.0735 
0.4852123 
313.3049 
0 
90.00001 
0 
Street_well1 
151.4287 
0.3037593 
261.298 
0 
90.00001 
0 
Street_well1 
162.7563 
0.3037593 
210.3982 
0 
0 
0 
Road4 
322 
0 
213 
0 
270 
0 
Road8 
214 
0 
297 
0 
180 
0 
Streetlight_el4 
142.0735 
9.006065 
313.2313 
0 
90.00001 
0 
Streetlight1A 
231.388 
0.4852123 
173.1101 
0 
270 
0 
Street_well1 
340.2999 
0.3037593 
270.3839 
0 
0 
0 
Street_well1 
259.3541 
0.3037593 
204.6518 
0 
90.00001 
0 
Street_well2 
224.958 
0.2979326 
329.5379 
0 
122.9742 
0 
Road3 
322 
0 
249 
0 
180 
0 
Streetlight_el4 
231.388 
9.006065 
173.1838 
0 
270 
0 
Street_well1 
192.6459 
0.3037593 
338.5982 
0 
90.00001 
0 
Street_well1 
132.8178 
0.3037593 
251.6772 
0 
0 
0 
Street_well1 
360.6552 
0.3037593 
262.9747 
0 
90.00001 
0 
Street_well1 
314.1048 
0.3037593 
215.6134 
0 
0 
0 
Road1 
118 
0 
237 
0 
0 
0 
Road8 
190 
0 
249 
0 
90.00001 
0 
Street_well1 
303.3151 
0.3037593 
246.3917 
0 
0 
0 
Street_well1 
193.1174 
0.3037593 
215.5719 
0 
0 
0 
Road1 
130 
0 
249 
0 
90.00001 
0 
Signboard1 
258.4972 
0 
190.0217 
0 
0 
0 
Streetlight1B 
255.7048 
0.4584198 
245.2365 
0 
270 
0 
Signboard3 
316.11 
0 
216.4955 
0 
90.00001 
0 
Streetlight_el1B 
255.7923 
3.370181 
245.2365 
0 
0 
0 
Streetlight_el2 
255.7048 
4.755385 
245.2365 
0 
270 
0 
Streetlight1A 
192.9822 
0.5142231 
245.3007 
0 
270 
0 
Streetlight_el1 
192.8163 
3.537556 
245.3007 
0 
0 
0 
Streetlight_el3 
192.9822 
6.614314 
245.3007 
0 
270 
0 
Streetlight_el4 
192.9822 
9.035076 
245.3743 
0 
270 
0 
Streetlight1A 
210.3767 
0.4555454 
295.8524 
0 
0 
-1.001791E-05 
Streetlight_el1 
210.3767 
3.478878 
296.0182 
1.001791E-05 
90.00001 
0 
Signboard5 
205.5083 
0 
204.6698 
0 
180 
0 
Street_well1 
240.5282 
0.3037593 
287.6749 
0 
0 
0 
Street_well2 
156.215 
0.2979326 
341.0179 
0 
122.9742 
0 
Street_well1 
259.3541 
0.3037593 
260.4718 
0 
90.00001 
0 
Signboard1 
222.5029 
0 
159.9612 
0 
0 
0 
Streetlight_el3 
210.3767 
6.555636 
295.8524 
0 
0 
-1.001791E-05 
Streetlight_el4 
210.4504 
8.976398 
295.8524 
0 
0 
-1.001791E-05 
Street_well1 
159.6438 
0.3037593 
246.3683 
0 
0 
0 
Street_well2 
199.9482 
0.2979326 
322.158 
0 
122.9742 
0 
Street_well1 
319.382 
0.3037593 
282.2157 
0 
90.00001 
0 
Road5 
262 
0 
189 
0 
180 
0 
Street_well1 
115.3369 
0.3037593 
242.8117 
0 
90.00001 
0 
Streetlight2 
135.5833 
0.4050808 
292.5841 
0 
0 
0 
Road3 
262 
0 
273 
0 
0 
0 
Road6 
178 
0 
249 
0 
270 
0 
Road8 
322 
0 
285 
0 
180 
0 
Street_well2 
251.4023 
0.2979326 
313.6389 
0 
122.9742 
0 
Streetlight2 
186.4998 
0.4050808 
217.6513 
0 
0 
0 
Street_well2 
188.4682 
0.2979326 
332.6813 
0 
122.9742 
0 
Road5 
310 
0 
213 
0 
270 
0 
Streetlight1A 
258.4298 
0.4852123 
186.6769 
0 
0 
0 
Streetlight_el4 
258.5035 
9.006065 
186.6769 
0 
0 
0 
Street_well1 
319.3513 
0.3037593 
258.7655 
0 
90.00001 
0 
Street_well2 
176.4256 
0.2979326 
186.939 
0 
122.9742 
0 
Street_well1 
234.8501 
0.3037593 
179.6283 
0 
0 
0 
Street_well2 
281.3785 
0.2979326 
271.7828 
0 
122.9742 
0 
Street_well1 
319.382 
0.3037593 
314.0256 
0 
90.00001 
0 
Signboard5 
196.4529 
0 
255.1412 
0 
0 
0 
Road8 
322 
0 
225 
0 
0 
0 
Street_well1 
156.5612 
0.3037593 
268.2348 
0 
90.00001 
0 
Streetlight1A 
181.9767 
0.4852123 
184.9305 
0 
180 
0 
Streetlight_el4 
181.903 
9.006065 
184.9305 
0 
180 
0 
Streetlight1A 
220.8207 
0.4852123 
288.9752 
0 
90.00001 
0 
Streetlight_el4 
220.8207 
9.006065 
288.9015 
0 
90.00001 
0 
Street_well1 
279.4731 
0.3037593 
215.6646 
0 
0 
0 
Road5 
358 
0 
249 
0 
0 
0 
Streetlight1A 
196.9377 
0.4852123 
325.0027 
0 
90.00001 
0 
Streetlight_el4 
196.9377 
9.006065 
324.9291 
0 
90.00001 
0 
Street_well1 
324.6176 
0.3037593 
339.2097 
0 
90.00001 
0 
Street_el1 
322.1011 
0 
285.2291 
0 
0 
0 
Street_el2 
319.6219 
7.176059 
286.0576 
0 
0.8668173 
0 
Street_el2 
324.8485 
7.176059 
284.3734 
3.167624E-07 
180 
356.3742 
Street_el3 
324.2124 
7.176059 
286.011 
0 
0 
0 
Street_el3 
319.7758 
7.176059 
284.3268 
0 
180 
0 
Streetlight1A 
268.9945 
0.4852123 
341.4008 
0 
270 
0 
Road9 
238 
0 
249 
0 
90.00001 
0 
Streetlight_el4 
268.9945 
9.006065 
341.4745 
0 
270 
0 
Signboard3 
257.9574 
0 
341.6567 
0 
270 
0 
Signboard1 
230.8833 
0 
335.7027 
0 
180 
0 
Street_well1 
156.5612 
0.3037593 
289.0638 
0 
90.00001 
0 
Road4 
250 
0 
309 
0 
0 
-1.001791E-05 
Streetlight1A 
318.3565 
0.4555454 
281.9991 
0 
0 
-1.001791E-05 
Streetlight_el1 
318.3565 
3.478878 
282.1649 
1.001791E-05 
90.00001 
0 
Street_well1 
173.2592 
0.3037593 
215.6302 
0 
0 
0 
Street_well1 
223.3604 
0.3037593 
328.2176 
0 
90.00001 
0 
Street_well1 
276.563 
0.3037593 
275.6693 
0 
0 
0 
Streetlight_el3 
318.3565 
6.555636 
281.9991 
0 
0 
-1.001791E-05 
Streetlight_el4 
318.4302 
8.976398 
281.9991 
0 
0 
-1.001791E-05 
Signboard3 
307.859 
0 
348.5477 
0 
90.00001 
0 
Street_well1 
360.5868 
0.3037593 
245.0509 
0 
90.00001 
0 
Road4 
118 
0 
249 
0 
90.00001 
0 
Street_well1 
199.4067 
0.3037593 
279.6551 
0 
90.00001 
0 
Road8 
214 
0 
249 
0 
270 
0 
Road4 
202 
0 
177 
0 
0 
0 
Street_well1 
296.1239 
0.3037593 
215.6134 
0 
0 
0 
Street_well1 
332.3285 
0.3037593 
275.6477 
0 
0 
0 
Signboard4 
190.5883 
0 
243.4536 
0 
270 
0 
Streetlight1A 
257.5456 
0.4852123 
305.3173 
0 
270 
0 
Streetlight_el4 
257.5456 
9.006065 
305.391 
0 
270 
0 
Street_well1 
274.4343 
0.3037593 
270.4274 
0 
0 
0 
Streetlight1B 
292.4242 
0.4674454 
245.5334 
0 
270 
0 
Streetlight_el1B 
292.5116 
3.379207 
245.5334 
0 
0 
0 
Streetlight_el2 
292.4242 
4.76441 
245.5334 
0 
270 
0 
Street_well1 
254.7271 
0.3037593 
282.3159 
0 
0 
0 
Road2 
154 
0 
249 
0 
0 
0 
Road1 
322 
0 
333 
0 
0 
0 
Street_well1 
319.3513 
0.3037593 
239.7773 
0 
90.00001 
0 
Signboard1 
354.2084 
0 
244.5837 
0 
0 
0 
Street_well2 
200.6586 
0.2979326 
205.0239 
0 
122.9742 
0 
Streetlight1A 
258.2702 
0.5142231 
222.1526 
0 
0 
0 
Streetlight_el1 
258.2702 
3.537556 
222.3185 
0 
90.00001 
0 
Streetlight_el3 
258.2702 
6.614314 
222.1526 
0 
0 
0 
Streetlight_el4 
258.3438 
9.035076 
222.1526 
0 
0 
0 
Street_well1 
120.6671 
0.3037593 
239.2312 
0 
90.00001 
0 
Street_well1 
220.2374 
0.3037593 
287.6291 
0 
0 
0 
Street_well1 
127.3578 
0.3037593 
303.1496 
0 
90.00001 
0 
Street_well1 
199.4067 
0.3037593 
200.7883 
0 
90.00001 
0 
Street_well1 
207.9306 
0.3037593 
318.381 
0 
0 
0 
Street_well2 
323.389 
0.2979326 
301.0911 
0 
122.9742 
0 
Road1 
334 
0 
237 
0 
90.00001 
0 
Street_well2 
233.368 
0.2979326 
283.7184 
0 
122.9742 
0 
Street_well2 
203.4855 
0.2979326 
230.6487 
0 
122.9742 
0 
Streetlight1A 
257.9832 
0.4852123 
349.0102 
0 
90.00001 
0 
Streetlight_el4 
257.9832 
9.006065 
348.9366 
0 
90.00001 
0 
Street_well2 
187.6094 
0.2979326 
250.4748 
0 
336.4594 
0 
Streetlight1A 
160.5045 
0.4852123 
157.1389 
0 
90.00001 
0 
Streetlight_el4 
160.5045 
9.006065 
157.0653 
0 
90.00001 
0 
Road5 
322 
0 
297 
0 
0 
0 
Road8 
262 
0 
237 
0 
0 
0 
Street_well2 
241.7623 
0.2979326 
178.3352 
0 
122.9742 
0 
Street_well1 
162.3551 
0.3037593 
347.6513 
0 
0 
0 
Streetlight1A 
181.794 
0.4852123 
245.1143 
0 
270 
0 
Streetlight_el4 
181.794 
9.006065 
245.188 
0 
270 
0 
Streetlight1A 
198.411 
0.4852123 
238.9053 
0 
0 
0 
Streetlight_el4 
198.4847 
9.006065 
238.9053 
0 
0 
0 
Gas_Station_road 
190 
0 
153 
0 
90.00001 
0 
Street_well1 
233.8808 
0.3037593 
347.6398 
0 
0 
0 
Street_well1 
213.1061 
0.3037593 
251.6772 
0 
0 
0 
Road9 
298 
0 
213 
0 
90.00001 
0 
Street_well1 
294.1967 
0.3037593 
251.6772 
0 
0 
0 
Road4 
262 
0 
177 
0 
270 
0 
Street_well1 
339.6634 
0.3037593 
234.4216 
0 
0 
0 
Signboard3 
331.404 
0 
269.3233 
0 
270 
0 
Signboard3 
258.5356 
0 
243.7169 
0 
0 
0 
Signboard5 
255.5482 
0 
243.28 
0 
270 
0 
Street_well1 
228.5663 
0.3037593 
326.8531 
0 
90.00001 
0 
Streetlight1A 
325.6096 
0.4555454 
228.1821 
0 
180 
-1.525879E-05 
Streetlight_el1 
325.6096 
3.478878 
228.0163 
1.525879E-05 
270 
0 
Street_well1 
246.0246 
0.3037593 
174.3825 
0 
0 
0 
Road1 
346 
0 
273 
0 
90.00001 
0 
Streetlight_el3 
325.6096 
6.555636 
228.1821 
0 
180 
-1.525879E-05 
Streetlight_el4 
325.5359 
8.976398 
228.1821 
0 
180 
-1.525879E-05 
Road1 
226 
0 
333 
0 
0 
0 
Streetlight1A 
249.143 
0.4852123 
173.1101 
0 
270 
0 
Streetlight_el4 
249.143 
9.006065 
173.1838 
0 
270 
0 
Signboard1 
274.2171 
0 
305.5535 
0 
270 
0 
Street_well1 
264.5847 
0.3037593 
278.5718 
0 
90.00001 
0 
Signboard5 
255.7177 
0 
337.9424 
0 
180 
0 
Street_well1 
211.3495 
0.3037593 
292.6653 
0 
90.00001 
0 
Street_well1 
156.6959 
0.3037593 
337.959 
0 
90.00001 
0 
Signboard3 
316.11 
0 
252.6168 
0 
90.00001 
0 
Street_well1 
272.2782 
0.3037593 
311.6151 
0 
0 
0 
Road1 
202 
0 
225 
0 
0 
0 
Road1 
166 
0 
345 
0 
90.00001 
0 
Street_well1 
324.6045 
0.3037593 
226.0373 
0 
90.00001 
0 
Road1 
286 
0 
213 
0 
90.00001 
0 
Streetlight1A 
205.8272 
0.4852123 
199.9115 
0 
180 
0 
Streetlight_el4 
205.7535 
9.006065 
199.9115 
0 
180 
0 
Streetlight1A 
282.2394 
0.4555454 
285.6178 
0 
0 
-1.001791E-05 
Streetlight_el1 
282.2394 
3.478878 
285.7836 
1.001791E-05 
90.00001 
0 
Street_well1 
324.6176 
0.3037593 
295.1614 
0 
90.00001 
0 
Signboard1 
305.0122 
0 
341.5499 
0 
270 
0 
Streetlight_el3 
282.2394 
6.555636 
285.6178 
0 
0 
-1.001791E-05 
Streetlight_el4 
282.3131 
8.976398 
285.6178 
0 
0 
-1.001791E-05 
Streetlight1A 
229.7953 
0.4852123 
328.4495 
0 
180 
0 
Streetlight_el4 
229.7216 
9.006065 
328.4495 
0 
180 
0 
Streetlight1A 
317.4314 
0.4852123 
209.4577 
0 
270 
0 
Streetlight_el4 
317.4314 
9.006065 
209.5314 
0 
270 
0 
Streetlight1A 
346.2515 
0.4852123 
276.6022 
0 
90.00001 
0 
Streetlight_el4 
346.2515 
9.006065 
276.5286 
0 
90.00001 
0 
Road1 
154 
0 
165 
0 
0 
0 
Road4 
358 
0 
273 
0 
180 
0 
Road1 
346 
0 
237 
0 
90.00001 
0 
Street_el1 
205.7398 
0 
320.8863 
0 
90.00001 
0 
Street_el2 
206.5683 
7.176059 
323.3655 
0 
90.86681 
0 
Street_el2 
204.8841 
7.176059 
318.1389 
6.403302E-07 
270 
356.3742 
Street_el3 
206.5217 
7.176059 
318.775 
0 
90.00001 
0 
Street_el3 
204.8375 
7.176059 
323.2116 
0 
270 
0 
Street_well2 
287.3685 
0.2979326 
295.6046 
0 
122.9742 
0 
Road9 
166 
0 
213 
0 
270 
0 
Road4 
322 
0 
345 
0 
180 
0 
Streetlight1A 
353.4175 
0.4852123 
266.0358 
0 
0 
0 
Street_well2 
298.8442 
0.2979326 
342.2509 
0 
122.9742 
0 
Road1 
262 
0 
309 
0 
90.00001 
0 
Streetlight_el4 
353.4912 
9.006065 
266.0358 
0 
0 
0 
Streetlight1A 
181.9767 
0.4852123 
201.5247 
0 
180 
0 
Streetlight_el4 
181.903 
9.006065 
201.5247 
0 
180 
0 
Street_well2 
179.3809 
0.2979326 
200.5941 
0 
122.9742 
0 
Street_well1 
272.1068 
0.3037593 
210.3189 
0 
0 
0 
Street_well2 
260.5217 
0.2979326 
185.3263 
0 
122.9742 
0 
Street_well1 
215.0753 
0.3037593 
215.5719 
0 
0 
0 
Street_well1 
151.3242 
0.3037593 
237.2407 
0 
90.00001 
0 
Road8 
262 
0 
261 
0 
180 
1.001791E-05 
Streetlight1A 
281.3234 
0.4852123 
209.4577 
0 
270 
0 
Street_well2 
224.168 
0.2979326 
174.3736 
0 
122.9742 
0 
Street_well1 
211.3495 
0.3037593 
313.5359 
0 
90.00001 
0 
Street_well1 
212.4389 
0.3037593 
179.6904 
0 
0 
0 
Streetlight_el4 
281.3234 
9.006065 
209.5314 
0 
270 
0 
Street_well1 
311.8879 
0.3037593 
342.3726 
0 
0 
0 
Street_well1 
217.5639 
0.3037593 
323.6356 
0 
0 
0 
Street_well2 
131.5051 
0.2979326 
281.4665 
0 
336.4594 
0 
Road2 
322 
0 
273 
0 
0 
0 
Street_well2 
219.3571 
0.2979326 
247.4512 
0 
52.815 
0 
Road4 
154 
0 
213 
0 
0 
0 
Road6 
250 
0 
249 
0 
270 
0 
Road8 
202 
0 
237 
0 
0 
0 
Road9 
238 
0 
177 
0 
90.00001 
0 
Road8 
286 
0 
285 
0 
180 
0 
Road4 
190 
0 
321 
0 
0 
0 
Street_el1 
243.0572 
0 
344.9421 
0 
90.00001 
0 
Street_el2 
243.8856 
7.176059 
347.4213 
0 
90.86681 
0 
Street_el2 
242.2014 
7.176059 
342.1948 
6.403302E-07 
270 
356.3742 
Street_el3 
243.839 
7.176059 
342.8308 
0 
90.00001 
0 
Street_el3 
242.1548 
7.176059 
347.2675 
0 
270 
0 
Street_well1 
312.5569 
0.3037593 
251.6772 
0 
0 
0 
Street_well1 
319.382 
0.3037593 
298.6988 
0 
90.00001 
0 
Street_well1 
289.837 
0.3037593 
342.3726 
0 
0 
0 
Street_well1 
192.6459 
0.3037593 
327.0424 
0 
90.00001 
0 
Signboard5 
316.2673 
0 
243.5966 
0 
270 
0 
Street_well1 
199.4067 
0.3037593 
186.197 
0 
90.00001 
0 
Road1 
202 
0 
201 
0 
0 
0 
Road3 
154 
0 
273 
0 
180 
0 
Road9 
322 
0 
309 
0 
0 
0 
Road1 
202 
0 
321 
0 
90.00001 
0 
Street_well2 
152.7542 
0.2979326 
266.3486 
0 
336.4594 
0 
Signboard3 
209.9254 
0 
209.5865 
0 
270 
0 
Streetlight1A 
206.47 
0.4852123 
157.1389 
0 
90.00001 
0 
Streetlight_el4 
206.47 
9.006065 
157.0653 
0 
90.00001 
0 
Street_well2 
257.8578 
0.2979326 
286.1776 
0 
122.9742 
0 
Streetlight1A 
311.3232 
0.4852123 
298.8533 
0 
0 
0 
Street_well1 
175.3388 
0.3037593 
188.2554 
0 
90.00001 
0 
Streetlight_el4 
311.3969 
9.006065 
298.8533 
0 
0 
0 
Street_well2 
322.5079 
0.2979326 
342.2509 
0 
122.9742 
0 
Road9 
130 
0 
297 
0 
0 
0 
Streetlight1A 
251.147 
0.4852123 
252.6981 
0 
90.00001 
0 
Streetlight_el4 
251.147 
9.006065 
252.6245 
0 
90.00001 
0 
Street_well1 
288.5923 
0.3037593 
303.0601 
0 
90.00001 
0 
Streetlight1A 
221.5066 
0.4852123 
157.1389 
0 
90.00001 
0 
Streetlight_el4 
221.5066 
9.006065 
157.0653 
0 
90.00001 
0 
Streetlight1A 
171.7904 
0.4852123 
209.4577 
0 
270 
0 
Street_well1 
315.5242 
0.3037593 
246.3917 
0 
0 
0 
Street_well1 
204.5921 
0.3037593 
206.2365 
0 
90.00001 
0 
Street_well1 
195.6559 
0.3037593 
155.6986 
0 
0 
0 
Road8 
154 
0 
225 
0 
180 
0 
Streetlight_el4 
171.7904 
9.006065 
209.5314 
0 
270 
0 
Street_well1 
191.2405 
0.3037593 
251.6772 
0 
0 
0 
Street_well1 
265.9279 
0.3037593 
191.6834 
0 
0 
0 
Streetlight2 
266.3154 
0.4050808 
244.6906 
0 
0 
0 
Streetlight1A 
173.0134 
0.4852123 
157.1389 
0 
90.00001 
0 
Streetlight_el4 
173.0134 
9.006065 
157.0653 
0 
90.00001 
0 
Streetlight2 
210.0691 
0.4050808 
315.6559 
0 
0 
0 
Streetlight1A 
246.4624 
0.4852123 
328.4495 
0 
0 
0 
Streetlight_el4 
246.536 
9.006065 
328.4495 
0 
0 
0 
Street_well2 
200.3734 
0.2979326 
275.6234 
0 
122.9742 
0 
Road3 
286 
0 
273 
0 
270 
0 
Street_well1 
156.6959 
0.3037593 
323.7886 
0 
90.00001 
0 
Signboard3 
316.11 
0 
276.4987 
0 
90.00001 
0 
Road8 
322 
0 
261 
0 
0 
0 
Street_well1 
151.339 
0.3037593 
284.7113 
0 
90.00001 
0 
Street_well1 
234.9917 
0.3037593 
215.7212 
0 
0 
0 
Road8 
130 
0 
285 
0 
0 
0 
Street_well1 
187.355 
0.3037593 
331.65 
0 
90.00001 
0 
Street_well2 
152.4783 
0.2979326 
168.8001 
0 
122.9742 
0 
Streetlight1A 
279.0382 
0.4852123 
305.3173 
0 
270 
0 
Streetlight_el4 
279.0382 
9.006065 
305.391 
0 
270 
0 
Street_well1 
204.5921 
0.3037593 
223.0396 
0 
90.00001 
0 
Street_well2 
269.5163 
0.2979326 
346.2787 
0 
122.9742 
0 
Street_well1 
162.8834 
0.3037593 
150.3817 
0 
0 
0 
Street_el1 
202.0754 
0 
235.64 
0 
0 
0 
Street_el2 
199.5962 
7.176059 
236.4685 
0 
0.8668173 
0 
Signboard3 
150.4729 
0 
267.7978 
0 
0 
0 
Road8 
262 
0 
225 
0 
180 
0 
Street_el2 
204.8228 
7.176059 
234.7843 
3.167624E-07 
180 
356.3742 
Street_el3 
204.1867 
7.176059 
236.4219 
0 
0 
0 
Street_el3 
199.7501 
7.176059 
234.7377 
0 
180 
0 
Streetlight1A 
205.6629 
0.5142231 
242.717 
0 
180 
0 
Streetlight_el1 
205.6629 
3.537556 
242.5511 
0 
270 
0 
Streetlight_el3 
205.6629 
6.614314 
242.717 
0 
180 
0 
Streetlight_el4 
205.5892 
9.035076 
242.717 
0 
180 
0 
Streetlight1A 
252.8795 
0.5142231 
209.4255 
0 
270 
0 
Streetlight_el1 
252.7137 
3.537556 
209.4255 
0 
0 
0 
Streetlight2 
157.6665 
0.4050808 
223.7612 
0 
0 
0 
Signboard3 
318.4207 
0 
242.5712 
0 
0 
0 
Street_well1 
175.3388 
0.3037593 
203.166 
0 
90.00001 
0 
Street_well2 
240.6901 
0.2979326 
250.3908 
0 
49.04943 
0 
Street_well1 
197.8663 
0.3037593 
150.3817 
0 
0 
0 
Streetlight_el3 
252.8795 
6.614314 
209.4255 
0 
270 
0 
Streetlight_el4 
252.8795 
9.035076 
209.4991 
0 
270 
0 
Streetlight1A 
198.411 
0.4852123 
259.3057 
0 
0 
0 
Streetlight_el4 
198.4847 
9.006065 
259.3057 
0 
0 
0 
Streetlight2 
197.9064 
0.4050808 
279.2238 
0 
0 
0 
Road1 
190 
0 
333 
0 
0 
0 
Road4 
190 
0 
345 
0 
180 
0 
Road5 
262 
0 
201 
0 
180 
0 
Road3 
322 
0 
237 
0 
0 
0 
Road3 
214 
0 
285 
0 
270 
0 
Street_well1 
259.3541 
0.3037593 
223.6672 
0 
90.00001 
0 
Road3 
226 
0 
177 
0 
90.00001 
0 
Streetlight1A 
158.1816 
0.4852123 
209.4577 
0 
270 
0 
Streetlight_el4 
158.1816 
9.006065 
209.5314 
0 
270 
0 
Signboard1 
345.2055 
0 
269.6917 
0 
270 
0 
Road8 
286 
0 
249 
0 
90.00001 
0 
Street_well1 
224.291 
0.3037593 
282.4075 
0 
0 
0 
Street_well1 
312.8116 
0.3037593 
270.4273 
0 
0 
0 
Street_well2 
179.5849 
0.2979326 
346.3479 
0 
122.9742 
0 
Streetlight1A 
139.8646 
0.4852123 
252.7682 
0 
90.00001 
0 
Streetlight_el4 
139.8646 
9.006065 
252.6946 
0 
90.00001 
0 
Street_well1 
316.2624 
0.3037593 
347.6398 
0 
0 
0 
Streetlight1A 
182.9318 
0.4852123 
348.9627 
0 
90.00001 
0 
Road1 
262 
0 
345 
0 
90.00001 
0 
Streetlight_el4 
182.9318 
9.006065 
348.889 
0 
90.00001 
0 
Streetlight1A 
220.8207 
0.4852123 
252.6981 
0 
90.00001 
0 
Streetlight_el4 
220.8207 
9.006065 
252.6245 
0 
90.00001 
0 
Street_well1 
259.3541 
0.3037593 
238.8033 
0 
90.00001 
0 
Road4 
286 
0 
309 
0 
180 
0 
Street_well1 
252.553 
0.3037593 
325.1799 
0 
90.00001 
0 
Street_well2 
197.5197 
0.2979326 
155.6545 
0 
122.9742 
0 
Street_well1 
199.4067 
0.3037593 
219.815 
0 
90.00001 
0 
Street_well1 
279.9738 
0.3037593 
306.3719 
0 
0 
0 
