Grill 
172.1608 
0 
269.4693 
0 
0 
0 
Barrel3 
304.4011 
0 
293.1538 
0 
0 
0 
Tree_conf2 
106.5612 
0 
255.7424 
0 
168.9663 
0 
Trash1 
214.0569 
0 
186.4212 
0 
270 
0 
Tree3 
176.2905 
0 
306.1476 
0 
61.5 
0 
Brickwall1C 
243.6328 
-0.2479715 
294.8203 
0 
180 
0 
Tree1 
200.832 
0 
172.267 
0 
293.6332 
0 
Tree4 
235.0119 
0 
115.6774 
0 
220.3304 
0 
Tree_conf1 
382.9938 
0 
366.1892 
0 
302.549 
0 
Powrbox2 
247.029 
0 
194.0173 
0 
270 
0 
Trash1 
238.3309 
0 
199.9531 
0 
180 
0 
House3 
170.96 
0 
279.9539 
0 
90.00001 
0 
Billboard1 
256.967 
0 
315.6233 
0 
0 
0 
Tree4 
108.9704 
0 
198.2134 
0 
227.469 
0 
Tree1 
187.8809 
0 
201.435 
0 
293.6332 
0 
Brickwall1A 
345.1104 
0 
265.6646 
0 
90.00001 
0 
Tree1 
289.409 
0 
365.7164 
0 
16.57259 
0 
Bench1 
235.5376 
0 
222.6374 
0 
0 
0 
Gas_bottle 
189.5993 
0 
177.2638 
0 
64.88928 
0 
Hydrant 
265.0153 
0.3660178 
341.2633 
0 
90.00001 
0 
Hydrant 
282.3703 
0.3660178 
283.6762 
0 
90.00001 
0 
Tree2 
109.7631 
0 
264.1106 
0 
8.153018 
0 
Hydrant 
191.6136 
0.3660178 
216.9708 
0 
90.00001 
0 
Tree_conf2 
171.8193 
0 
364.0961 
0 
117.0708 
0 
House13 
243.1152 
0 
203.3516 
0 
90.00001 
0 
Brickwall1A 
340.7295 
0 
278.8313 
0 
90.00001 
0 
Tire 
229.2106 
0 
317.8777 
0 
0 
0 
Tree4 
333.2611 
0 
346.4585 
0 
56.09043 
0 
Air_conditioner 
274.8553 
8.445599 
222.0959 
0 
270 
0 
Tree2 
209.4015 
0 
241.4879 
0 
74.66421 
0 
Tree1 
197.6926 
0 
290.0535 
0 
293.6332 
0 
Tree2_big 
159.6625 
0 
363.626 
0 
15.23766 
0 
Shrooms 
301.3028 
0 
175.772 
0 
120.6308 
0 
Tree4 
284.1739 
0 
180.6506 
0 
181.7533 
0 
Trash1 
306.5542 
0 
185.1555 
0 
0 
0 
Bush1 
236.9391 
0 
231.6883 
0 
168.5023 
0 
Brickwall1B 
163.042 
0 
183.488 
0 
0 
0 
House6 
186.9295 
0 
275.7922 
0 
90.00001 
0 
Brickwall1C 
146.3953 
-0.1646824 
181.1194 
0 
180 
0 
House2 
216.3151 
0 
264.8889 
0 
0 
0 
Pallet 
305.1728 
0.5233107 
284.7242 
0 
75.8672 
0 
Tree_conf1 
317.4724 
0 
370.0267 
0 
264.896 
0 
Tree_conf2 
115.4323 
0 
287.7488 
0 
359.6013 
0 
Tree_conf2 
198.6075 
0 
363.6448 
0.699972 
285.2746 
-5.336483E-08 
Fence1 
220.0635 
0 
254.9705 
0 
0 
0 
Fence1 
217.0635 
0 
254.9705 
0 
0 
0 
Fence1 
214.0635 
0 
254.9705 
0 
0 
0 
Fence1 
211.0635 
0 
254.9705 
0 
0 
0 
Pack 
233.21 
0 
319.2375 
0 
57.93197 
0 
Brickwall1B 
146.2862 
0 
176.3358 
0 
0 
0 
Metal_Fance1 
179.506 
0 
170.0056 
0 
0 
0 
Metal_Fence2 
174.506 
0 
170.0056 
0 
358.7 
0 
Metal_Fance1 
169.506 
0 
170.0056 
0 
0 
0 
Tree_conf1 
371.2072 
0 
331.7438 
0 
359.4153 
0 
Brickwall1B 
262.4102 
0 
352.8105 
0 
0 
0 
Food_bar 
335.5029 
0 
224.9108 
0 
270 
0 
Shrooms 
272.0248 
0 
155.4263 
0 
190.5594 
0 
Brickwall1B 
146.5371 
0 
223.4881 
0 
0 
0 
Tree1_big 
374.1942 
0 
233.5621 
0 
247.607 
0 
Tree_conf1 
143.2876 
0 
192.8295 
0 
359.4153 
0 
Tree3 
378.6833 
0 
271.1284 
0 
174.9739 
0 
Fence1_pole 
208.0339 
0 
254.9787 
0 
0 
0 
Tree_conf2 
332.9923 
0 
299.5527 
0 
0 
0 
Brickwall1A 
256.808 
0 
326.3137 
0 
0 
0 
Tree_conf2 
198.108 
0 
347.0223 
0 
82.93935 
0 
Box2 
234.54 
0 
318.1953 
0 
304.0534 
0 
Tree3 
132.6287 
0 
198.966 
0 
45.71577 
0 
Tree2 
294.1509 
0 
136.3902 
0 
220.769 
0 
Air_conditioner 
246.2216 
6.984846 
205.412 
0 
270 
0 
Tree_conf2 
384.6716 
0 
299.3822 
0.6999719 
260.4747 
5.336483E-08 
Tree1_big 
136.2457 
0 
149.4095 
0 
19.77929 
0 
Tree1 
254.5213 
0 
256.9286 
0 
197.7209 
0 
Brickwall1B 
318.941 
0 
352.8105 
0 
0 
0 
Gas_bottle 
268.8448 
0 
224.2812 
0 
0 
0 
Fence1 
169.0973 
0 
273.6305 
0 
180 
0 
Fence1 
172.0973 
0 
273.6305 
0 
180 
0 
Fence1 
175.0973 
0 
273.6305 
0 
180 
0 
Fence1 
178.0973 
0 
273.6305 
0 
180 
0 
Brickwall1A 
146.2926 
0 
173.9684 
0 
0 
0 
Tree1 
230.8083 
0 
220.5481 
0 
223.209 
0 
Hydrant 
229.5881 
0.3660178 
332.0838 
0 
90.00001 
0 
Tree_conf1 
113.6014 
0 
290.3751 
0 
359.6013 
0 
Tree4 
233.6195 
0 
364.2935 
0 
225.8604 
0 
Hydrant 
289.8286 
0.3660178 
291.8517 
0 
90.00001 
0 
Tree_conf2 
369.5258 
0 
268.0842 
0 
349.2199 
0 
Bush2 
189.6291 
0 
224.7575 
0 
0 
0 
Barrel3 
233.7589 
0 
323.5783 
0 
0 
0 
Powerpole_cable50M 
123 
0 
279 
0 
90.00001 
0 
Brickwall1A 
352.2191 
0 
230.7202 
0 
90.00001 
0 
Tree_conf1 
228.3793 
0 
351.7109 
0 
74.66602 
0 
Tree_conf2 
320.2092 
0 
148.1221 
0 
262.2406 
0 
Fence1 
244.5046 
0 
254.9507 
0 
90.00001 
0 
Brickwall1B 
269.2052 
0 
230.9298 
0 
0 
0 
Tree1 
318.9462 
0 
395.3341 
0 
236.1823 
0 
House3 
234.2287 
0 
260.3614 
0 
90.00001 
0 
Tree1 
335.8208 
0 
374.4565 
0 
357.4985 
0 
Tree1 
118.2856 
0 
354.4987 
0 
339.349 
0 
Bench1 
233.275 
0 
256.4614 
0 
0 
0 
House12 
312.4809 
0 
261.0506 
0 
90.00001 
0 
Pipe1A 
181.791 
0 
316.2421 
0 
90.00001 
0 
Pipe1A 
181.791 
0 
322.2421 
0 
90.00001 
0 
Pipe1A 
190.791 
0 
313.2421 
0 
0 
0 
Pipe1A 
181.791 
0 
328.2421 
0 
90.00001 
0 
Pipe1C 
190.791 
0 
313.2421 
0 
0 
0 
Pipe1D 
181.791 
0 
334.2421 
0 
90.00001 
0 
Pipe1E 
184.791 
0 
313.2421 
0 
0 
0 
Tree1 
263.4529 
0 
329.2679 
0 
93.01202 
0 
Brickwall1B 
195.4102 
0 
146.0421 
0 
0 
0 
Gas_bottle 
190.5103 
0 
299.1785 
0 
0 
0 
Brickwall1A 
347.4691 
0 
230.7202 
0 
90.00001 
0 
Brickwall1B 
243.7336 
0 
294.7729 
0 
0 
0 
Tree1 
220.7584 
0 
121.069 
0 
301.8734 
0 
Brickwall1A 
145.0687 
0 
263.4715 
0 
0 
0 
Bench1 
299.3757 
0 
199.6319 
0 
90.00001 
0 
Tree2 
120.9697 
0 
180.8794 
0 
227.9076 
0 
Tree_conf2 
105.7952 
0 
327.2631 
0 
115.1771 
0 
Tree1 
281.7175 
0 
242.1544 
0 
17.70779 
0 
Metal_Fance1 
289.9326 
0 
312.8351 
0 
180 
0 
Metal_Fence2 
294.9326 
0 
312.8351 
0 
178.7 
0 
Metal_Fance1 
299.9326 
0 
312.8351 
0 
180 
0 
Tree1 
341.855 
0 
179.5587 
0 
293.6332 
0 
Brickwall1B 
293.9254 
0 
266.7747 
0 
0 
0 
Powrbox2 
271.8923 
0 
236.0331 
0 
0 
0 
Tree4 
352.574 
0 
316.7312 
0 
151.1944 
0 
Hydrant 
350.0811 
0.3660178 
276.6397 
0 
90.00001 
0 
Tree1_big 
319.1057 
0 
177.3786 
0 
308.506 
0 
Fence1 
136.1898 
0 
279.0119 
0 
90.00001 
0 
Fence1 
136.1898 
0 
282.0119 
0 
90.00001 
0 
Fence1 
136.1898 
0 
285.0119 
0 
90.00001 
0 
Fence1 
136.1898 
0 
288.0119 
0 
90.00001 
0 
Tree_conf2 
204.2339 
0 
331.9039 
0 
82.93935 
0 
Tree1 
135.7679 
0 
342.7917 
0 
297.2458 
0 
Bench1 
186.8213 
0 
258.0757 
0 
0 
0 
Tree_conf1 
378.2245 
0 
313.6136 
0 
260.4747 
0 
Brickwall1B 
242.7624 
0 
193.5985 
0 
0 
0 
Air_conditioner 
331.4356 
6.24237 
266.4792 
0 
0 
0 
Road_Barrier 
314.5094 
0 
279.4731 
0 
0 
0 
Brickwall1B 
364.0384 
0 
239.8928 
0 
0 
0 
Tree_conf1 
381.5824 
0 
261.6001 
0 
349.2199 
0 
Brickwall1A 
333.1806 
0 
309.1789 
0 
0 
0 
Grill 
214.3319 
0 
270.7368 
0 
0 
0 
Tree1 
203.9062 
0 
344.4291 
0 
16.57259 
0 
Brickwall1A 
278.7531 
0 
234.8154 
0 
90.00001 
0 
Tree1 
273.5532 
0 
366.6593 
0 
93.01202 
0 
Tree2_big 
168.7568 
0 
315.2066 
0 
132.5346 
0 
Tree2_big 
108.9354 
0 
288.3561 
0 
257.768 
0 
Brickwall1A 
328.3835 
0 
336.5828 
0 
0 
0 
Tree2 
359.503 
0 
336.457 
0 
74.07954 
0 
Trash2 
207.9553 
0 
312.1078 
0 
57.97704 
0 
Brickwall1A 
242.7654 
0 
191.2967 
0 
0 
0 
Pallet 
277.3759 
0 
228.5351 
0 
73.3528 
0 
Barrel2 
307.0529 
0 
236.1861 
0 
0 
0 
Barrel4 
188.645 
0 
305.928 
0 
0 
0 
Metal_Fence2 
159.5791 
0 
226.2268 
0 
270 
0 
Air_conditioner 
248.753 
3.335927 
152.2636 
0 
0 
0 
Trash2 
245.9362 
0 
259.2623 
0 
0 
0 
Brickwall1A 
328.3835 
0 
299.8713 
0 
0 
0 
Tree3 
134.8151 
0 
218.6332 
0 
126.8926 
0 
Brickwall1A 
248.4601 
0 
297.2153 
0 
90.00001 
0 
Brickwall1B 
231.8947 
0 
292.2875 
0 
0 
0 
Hydrant 
341.3819 
0.3660178 
269.4006 
0 
90.00001 
0 
House17 
289.8172 
0 
223.3252 
0 
90.00001 
0 
Brickwall1B 
122.6093 
0 
299.5516 
0 
0 
0 
Brickwall1A 
278.9823 
0 
352.8105 
0 
90.00001 
0 
Bush1 
177.1994 
0 
315.6441 
0 
168.5023 
0 
Tree4 
283.4784 
0 
125.0479 
0 
220.3304 
0 
House9 
236.0173 
0 
203.7449 
0 
270 
0 
Tire 
212.3002 
0 
188.8291 
0 
0 
0 
Tree2 
260.7843 
0 
329.5223 
0 
33.61349 
0 
Box1 
233.3969 
0 
310.8477 
0 
0 
0 
Brickwall1A 
328.3835 
0 
322.6939 
0 
0 
0 
Tree1 
377.6027 
0 
367.8669 
0 
236.1823 
0 
Tree2 
198.8791 
0 
359.4972 
0 
74.66421 
0 
Tree3 
100.2524 
0 
255.708 
0 
168.9663 
0 
Barrel2 
301.4067 
0 
317.2795 
0 
0 
0 
Road_Barrier 
243.5517 
0 
241.2621 
0 
222.1799 
0 
Tree_conf1 
158.7487 
0 
383.0118 
0 
0 
0 
Tree_conf1 
277.6972 
0 
378.5445 
0 
0 
0 
Tree_conf1 
190.8194 
0 
202.4421 
0 
0 
0 
Brickwall1B 
361.912 
0 
278.8026 
0 
0 
0 
Gas_bottle 
168.0659 
0 
160.7713 
0 
0 
0 
Powrbox1 
339.6049 
0 
219.3652 
0 
180 
0 
Box2 
341.2908 
0 
252.5149 
0 
0 
0 
Brickwall1B 
294.3752 
0 
234.8267 
0 
0 
0 
Shrooms 
171.885 
0 
306.3431 
0 
181.7989 
0 
Tree_conf1 
138.2684 
0 
264.4017 
0 
318.9493 
0 
Hydrant 
354.5827 
0.3660178 
256.8082 
0 
90.00001 
0 
Air_conditioner 
179.1396 
3.362242 
232.5662 
0 
0 
0 
Powerpole_cable50M 
188 
0 
230 
0 
270 
0 
Tree1_big 
340.0193 
0 
350.2672 
0 
343.5367 
0 
Hydrant 
348.7427 
0.3660178 
240.4441 
0 
90.00001 
0 
Metal_Fance1 
278.1847 
0 
283.4612 
0 
90.00001 
0 
Metal_Fence2 
278.1847 
0 
288.4612 
0 
93 
0 
Metal_Fance1 
278.1847 
0 
293.4612 
0 
90.00001 
0 
Metal_Fence2 
278.1847 
0 
298.4612 
0 
87.50001 
0 
Brickwall1C 
361.7324 
-0.1579895 
278.9289 
0 
270 
0 
Tree_conf2 
156.1268 
0 
358.1419 
0 
117.0708 
0 
Brickwall1B 
204.8449 
0 
146.0421 
0 
0 
0 
Brickwall1A 
293.0998 
0 
352.8105 
0 
90.00001 
0 
Tree2 
140.5281 
0 
237.8061 
0 
74.66421 
0 
Barrel2 
294.0347 
0 
318.9125 
0 
114.1665 
0 
Tree_conf2 
257.9489 
0 
364.0961 
0 
117.0708 
0 
Brickwall1A 
224.8572 
0 
292.2875 
0 
90.00001 
0 
Air_conditioner 
241.0795 
2.502537 
225.7726 
0 
0 
0 
Tree_conf2 
89.87491 
0 
340.2807 
0.699972 
285.2746 
-5.336483E-08 
Box2 
212.1617 
0 
186.4497 
0 
42.6125 
0 
Hydrant 
318.3712 
0.3660178 
333.2312 
0 
90.00001 
0 
Tree1_big 
265.4138 
0 
134.0301 
0 
84.91981 
0 
Fence1 
201.9381 
0 
303.6162 
0 
270 
0 
Fence1 
201.9381 
0 
300.6162 
0 
270 
0 
Fence1 
201.9381 
0 
297.6162 
0 
270 
0 
Fence1 
201.9381 
0 
294.6162 
0 
270 
0 
Tree3 
242.0537 
0 
230.8645 
0 
41.15948 
0 
Shrooms 
333.7718 
0 
341.9312 
0 
176.8691 
0 
Tree_conf1 
372.4235 
0 
181.2689 
0 
356.536 
0 
Tree4 
310.0808 
0 
358.5747 
0 
56.09043 
0 
Road_Barrier 
116.9655 
0.3307655 
231.2143 
0 
0 
0 
Powrbox1 
215.8771 
0 
240.4613 
0 
0 
0 
Fence1 
220.0288 
0 
257.962 
0 
270 
0 
Brickwall1A 
253.1349 
0 
297.2153 
0 
90.00001 
0 
Powrbox2 
240.9351 
0 
185.3462 
0 
0 
0 
Tree_conf1 
196.4942 
0 
134.4134 
0 
301.1386 
0 
Pipe1A 
146.4957 
0 
153.2193 
0 
270 
0 
Pipe1A 
140.4957 
0 
177.2193 
0 
270 
0 
Pipe1A 
152.4957 
0 
195.2193 
0 
270 
0 
Pipe1A 
146.4957 
0 
159.2193 
0 
270 
0 
Pipe1A 
149.4957 
0 
186.2193 
0 
0 
0 
Pipe1A 
140.4957 
0 
171.2193 
0 
270 
0 
Pipe1A 
140.4957 
0 
183.2193 
0 
270 
0 
Pipe1B 
143.4957 
0 
186.2193 
0 
0 
0 
Pipe1B 
140.4957 
0 
165.2193 
0 
270 
0 
Pipe1C 
152.4957 
0 
195.2193 
0 
270 
0 
Pipe1D 
146.4957 
0 
147.2193 
0 
270 
0 
Pipe1E 
143.4957 
0 
162.2193 
0 
180 
0 
Pipe1E 
152.4957 
0 
189.2193 
0 
270 
0 
Fence1_pole 
316.9868 
0 
207.3271 
0 
0 
0 
Tree_conf2 
401.5164 
0 
247.8128 
0.6999719 
260.4747 
5.336483E-08 
Air_conditioner 
269.4986 
3.747501 
223.1351 
0 
270 
0 
Trash2 
219.6756 
0 
201.6142 
0 
0 
0 
Tree2_big 
377.3565 
0 
258.7734 
0 
247.3868 
0 
Powerpole1_cable 
358 
0 
230 
0 
270 
0 
Hydrant 
240.0585 
0.3660178 
341.4067 
0 
90.00001 
0 
Mailbox 
172.4136 
0 
259.191 
0 
0 
0 
Hydrant 
273.4579 
0.3660178 
245.2464 
0 
90.00001 
0 
Pack 
308.7729 
0.3735986 
287.3065 
0 
165.076 
0 
Tree1 
138.4025 
0 
385.4409 
0 
218.9079 
0 
Tree_conf1 
219.3926 
0 
339.7021 
0 
82.93935 
0 
Tree_conf2 
175.1227 
0 
328.5446 
0 
0 
0 
Barrel2 
239.4643 
0 
198.3243 
0 
0 
0 
Brickwall1B 
129.8308 
0 
316.019 
0 
0 
0 
Tree_conf2 
183.6147 
0 
129.7741 
0 
301.1386 
0 
Shrooms 
195.9704 
0 
365.1459 
0 
63.79453 
0 
Fence1 
181.1108 
0 
273.62 
0 
270 
0 
Fence1 
181.1108 
0 
270.62 
0 
270 
0 
Evac1A 
339.2603 
2.916773 
264.2437 
0 
270 
0 
Evac1A 
339.2603 
5.34682 
264.2437 
0 
270 
0 
Evac1A 
339.2603 
7.76714 
264.2437 
0 
270 
0 
Evac1B 
338.711 
2.944817 
265.0497 
0 
270 
0 
Evac1B 
338.711 
5.369626 
265.0497 
0 
270 
0 
Brickwall1A 
148.7371 
0 
351.4645 
0 
90.00001 
0 
Air_conditioner 
310.2113 
3.621798 
221.5176 
0 
270 
0 
Pallet 
237.2383 
0 
186.7064 
330.3693 
0 
0 
Gas_bottle 
168.8528 
0 
297.8182 
0 
0 
0 
Hydrant 
198.2744 
0.3660178 
241.4317 
0 
90.00001 
0 
Powrbox2 
262.9822 
0 
159.3758 
0 
180 
0 
Shrooms 
287.4376 
0 
355.0087 
0 
176.8691 
0 
Hydrant 
140.2424 
0.3660178 
312.6002 
0 
90.00001 
0 
Fence1 
216.8607 
0 
222.5277 
0 
90.00001 
0 
Brickwall1A 
364.0384 
0 
237.531 
0 
0 
0 
Tree_conf1 
198.7244 
0 
379.2678 
0 
285.2746 
0 
Metal_Fance1 
259.4481 
0 
322.7377 
0 
270 
0 
Metal_Fence2 
259.4481 
0 
317.7377 
0 
270 
0 
House5 
236.3803 
0 
154.3298 
0 
270 
0 
Tire 
270.1167 
0 
236.4238 
0 
0 
0 
Brickwall1B 
122.6053 
0 
313.6681 
0 
0 
0 
Pack 
309.5954 
0 
299.8495 
0 
47.6258 
0 
Tree4 
348.0636 
0 
379.6718 
0 
215.0598 
0 
Trash2 
316.1747 
0 
278.7299 
0 
61.69505 
0 
Tree_conf1 
121.9927 
0 
329.0064 
0 
82.93935 
0 
Fence1 
183.9728 
0 
309.5928 
0 
270 
0 
Fence1 
183.9728 
0 
306.5928 
0 
270 
0 
Tree1 
157.9816 
0 
303.9697 
0 
77.15508 
0 
Tree_conf2 
141.9293 
0 
293.617 
0 
0 
0 
Tree2_big 
327.7625 
0 
177.1139 
0 
262.6116 
0 
Trash1 
341.8012 
0 
228.898 
0 
90.00001 
0 
Gas_bottle 
231.3568 
0 
320.9526 
0 
69.98994 
0 
Garage3 
285.683 
0 
264.9555 
0 
0 
0 
Tree_conf2 
346.6602 
0 
359.4619 
0 
264.896 
0 
Brickwall1B 
352.4335 
0 
278.8312 
0 
0 
0 
Road_Barrier 
266.3307 
0.3166733 
261.1436 
0 
84.3988 
0 
Tree4 
315.261 
0 
378.1555 
0 
124.3023 
0 
Tree1 
400.2655 
0 
207.1515 
0 
230.9897 
0 
Tree_conf1 
367.0075 
0 
345.0654 
0 
359.4153 
0 
Trash1 
226.1145 
0 
195.0444 
0 
180 
0 
Fence1 
305.0382 
0 
195.3687 
0 
270 
0 
Fence1 
305.0382 
0 
192.3687 
0 
270 
0 
Fence1 
305.0382 
0 
189.3687 
0 
270 
0 
Fence1 
305.0382 
0 
186.3687 
0 
270 
0 
Brickwall1B 
146.5371 
0 
232.9264 
0 
0 
0 
Trash2 
327.7594 
0 
267.0587 
0 
0 
0 
Tree1 
142.3735 
0 
235.8617 
0 
134.0628 
0 
Tree3 
294.931 
0 
185.1184 
0 
261.2661 
0 
Hydrant 
325.5427 
0.3660178 
299.5969 
0 
90.00001 
0 
Tree4 
175.2509 
0 
334.2999 
0 
266.1729 
0 
Brickwall1A 
269.5476 
0 
352.8105 
0 
90.00001 
0 
Tree4 
106.2216 
0 
236.5996 
0 
320.1608 
0 
Brickwall1A 
133.1983 
0 
256.4385 
0 
90.00001 
0 
Shrooms 
133.492 
0 
262.2894 
0 
0 
0 
Brickwall1A 
151.2446 
0 
183.488 
0 
90.00001 
0 
Bush1 
252.9028 
0 
255.5823 
0 
69.39455 
0 
Tree_conf2 
360.4888 
0 
340.2598 
0 
359.4153 
0 
Brickwall1B 
257.7355 
0 
352.8105 
0 
0 
0 
Air_conditioner 
269.7957 
3.17009 
168.3308 
0 
270 
0 
Tire 
340.7655 
0 
254.1593 
0 
0 
0 
Powrbox2 
334.3083 
0 
260.8631 
0 
180 
0 
Brickwall1A 
127.7634 
0 
235.2428 
0 
0 
0 
Brickwall1A 
146.5436 
0 
225.875 
0 
0 
0 
Hydrant 
171.2065 
0.3660178 
156.7586 
0 
90.00001 
0 
Brickwall1B 
112.0156 
0 
228.1754 
0 
0 
0 
BusStop 
330.5998 
0 
309.0314 
0 
270 
0 
Hydrant 
219.0377 
0.3660178 
181.022 
0 
90.00001 
0 
Gas_bottle 
273.7714 
0 
317.2347 
0 
0 
0 
Tree_conf1 
308.064 
0 
364.302 
0 
264.896 
0 
Powerpole1_cable 
223 
0 
279 
0 
90.00001 
0 
Tree1 
104.3757 
0 
249.7783 
0 
102.5995 
0 
Tree2 
361.0578 
0 
206.9473 
0 
15.80286 
0 
Tree1 
367.7296 
0 
176.4617 
0 
290.1693 
0 
Tire 
303.3608 
0 
297.5415 
0 
0 
0 
Tree4 
103.9947 
0 
268.4796 
0 
84.68324 
0 
Hydrant 
205.8189 
0.3660178 
198.2413 
0 
90.00001 
0 
Brickwall1B 
223.705 
0 
146.0421 
0 
0 
0 
Fence1 
331.8586 
0 
210.2999 
0 
270 
0 
Fence1 
331.8586 
0 
207.2999 
0 
270 
0 
Tree1 
93.03632 
0 
349.9146 
0 
218.9079 
0 
Tree2 
125.3456 
0 
373.2578 
0 
107.4665 
0 
Tree3 
369.5876 
0 
227.459 
0 
354.7203 
0 
Bush2 
200.2206 
0 
370.7575 
0 
0 
0 
Brickwall1B 
347.4404 
0 
260.9722 
0 
0 
0 
Brickwall1B 
328.3835 
0 
338.9139 
0 
0 
0 
Shed2B 
271.154 
3.524719 
243.5381 
0 
0 
0 
Tree_conf2 
102.9119 
0 
311.2072 
0 
115.1771 
0 
Brickwall1A 
197.7975 
0 
146.0421 
0 
90.00001 
0 
Shrooms 
267.3402 
0 
147.8949 
0 
85.78027 
0 
Fence1 
232.4722 
0 
254.9705 
0 
180 
0 
Fence1 
235.4722 
0 
254.9705 
0 
180 
0 
Fence1 
238.4722 
0 
254.9705 
0 
180 
0 
Fence1 
241.4722 
0 
254.9705 
0 
180 
0 
Brickwall1B 
148.8573 
0 
206.9957 
0 
0 
0 
Powerpole_cable50M 
373 
0 
279 
0 
90.00001 
0 
Powrbox2 
233.3535 
0 
238.8649 
0 
0 
0 
Tree_conf2 
336.5484 
0 
346.0659 
0 
264.896 
0 
House4 
250.411 
0 
229.7772 
0 
0 
0 
Hydrant 
198.0789 
0.3660178 
189.8056 
0 
90.00001 
0 
Hydrant 
258.3458 
0.3660178 
277.0067 
0 
90.00001 
0 
Tree_conf1 
106.0712 
0 
311.7249 
0 
115.1771 
0 
Tree_conf2 
187.5003 
0 
205.2541 
0 
0 
0 
Tree_conf2 
195.0125 
0 
260.4726 
0 
0 
0 
Brickwall1A 
313.8116 
0 
229.4385 
0 
0 
0 
Pipe1A 
343.3387 
0 
291.2501 
0 
270 
0 
Pipe1A 
337.3387 
0 
315.2501 
0 
270 
0 
Pipe1A 
349.3387 
0 
333.2501 
0 
270 
0 
Pipe1A 
343.3387 
0 
297.2501 
0 
270 
0 
Pipe1A 
346.3387 
0 
324.2501 
0 
0 
0 
Pipe1A 
337.3387 
0 
309.2501 
0 
270 
0 
Pipe1A 
337.3387 
0 
321.2501 
0 
270 
0 
Pipe1B 
340.3387 
0 
324.2501 
0 
0 
0 
Pipe1B 
337.3387 
0 
303.2501 
0 
270 
0 
Pipe1C 
349.3387 
0 
333.2501 
0 
270 
0 
Pipe1D 
343.3387 
0 
285.2501 
0 
270 
0 
Pipe1E 
340.3387 
0 
300.2501 
0 
180 
0 
Pipe1E 
349.3387 
0 
327.2501 
0 
270 
0 
Hydrant 
184.7697 
0.3660178 
252.9423 
0 
90.00001 
0 
House2 
272.6732 
0 
178.8971 
0 
0 
0 
House14 
306.2831 
0 
264.8716 
0 
0 
0 
Tree3 
197.7052 
0 
340.7265 
0 
82.93935 
0 
Tree3 
301.8291 
0 
357.5891 
0 
268.6933 
0 
Brickwall1B 
300.1471 
0 
352.8105 
0 
0 
0 
House18 
330.8574 
0 
257.7257 
0 
0 
0 
Brickwall1A 
160.6613 
0 
206.9957 
0 
90.00001 
0 
Hydrant 
133.6588 
0.3660178 
289.364 
0 
90.00001 
0 
Fence1_pole 
181.2321 
0 
255.6839 
0 
0 
0 
House12 
273.3557 
0 
232.7689 
0 
0 
0 
Tree_conf1 
350.6241 
0 
216.6758 
0 
0 
0 
Powerpole1_cable 
207.7759 
0 
330 
0 
0 
0 
Brickwall1A 
328.3835 
0 
295.2697 
0 
0 
0 
BusStop 
238.2137 
0 
241.093 
0 
0 
0 
Brickwall1A 
146.3562 
0 
330.1255 
0 
0 
0 
Barrel1 
226.3387 
0 
306.9852 
0 
0 
0 
Container2 
297.8829 
0 
315.766 
0 
0 
0 
Brickwall1B 
190.7195 
0 
146.0628 
0 
0 
0 
Fence1_pole 
250.0612 
0 
279.1642 
0 
0 
0 
Hydrant 
185.1036 
0.3660178 
209.2925 
0 
90.00001 
0 
Hydrant 
219.548 
0.3660178 
324.7689 
0 
90.00001 
0 
Pack 
161.9372 
0.3825927 
167.5141 
0 
0 
0 
Tree2 
379.0111 
0 
234.4622 
0 
243.6305 
0 
Brickwall1B 
146.3498 
0 
318.3114 
0 
0 
0 
Brickwall1B 
181.2001 
0 
146.0421 
0 
0 
0 
Powrbox2 
268.7879 
0 
222.6027 
0 
270 
0 
Brickwall1B 
146.2862 
0 
166.904 
0 
0 
0 
Tree1 
201.7689 
0 
373.2787 
0 
218.9079 
0 
Tree2 
245.6844 
0 
127.0197 
0 
220.769 
0 
Garage2 
176.1037 
0 
265.4762 
0 
180 
0 
Grill 
319.7892 
0 
198.5868 
0 
0 
0 
Fence1 
296.0787 
0 
201.2919 
0 
180 
0 
Fence1 
299.0787 
0 
201.2919 
0 
180 
0 
Fence1 
302.0787 
0 
201.2919 
0 
180 
0 
Hydrant 
304.0819 
0.3660178 
216.669 
0 
90.00001 
0 
Brickwall1B 
328.3835 
0 
288.4589 
0 
0 
0 
Tree2 
295.4955 
0 
367.4752 
0 
157.6035 
0 
Box2 
295.8828 
0 
305.2413 
0 
0 
0 
Brickwall1B 
250.7475 
0 
297.2153 
0 
0 
0 
Trash2 
255.4495 
0 
207.1309 
0 
0 
0 
Mailbox 
228.4536 
-0.1100836 
254.6512 
0 
0 
0 
Container2 
238.912 
0 
322.9036 
0 
0 
0 
Tree1 
222.5406 
0 
139.8732 
0 
293.6332 
0 
Tree2_big 
325.4744 
0 
180.4424 
0 
155.9004 
0 
Tree1 
346.5601 
0 
346.9329 
0 
198.5293 
0 
Gas_bottle 
305.2359 
0 
287.3228 
0 
0 
0 
Tree_conf2 
143.4093 
0 
105.9225 
0.6999718 
8.240215 
1.667651E-08 
Hydrant 
285.5258 
0.3660178 
348.7217 
0 
90.00001 
0 
Trash1 
341.1217 
0 
249.7477 
0 
71.87077 
0 
Tree2_big 
346.5881 
0 
352.9375 
0 
163.0629 
0 
Tree_conf2 
292.5777 
0 
126.2934 
0.6999715 
38.57715 
-2.668242E-08 
Brickwall1A 
170.1031 
0 
192.8865 
0 
0 
0 
Brickwall1B 
215.0615 
0 
184.2673 
0 
0 
0 
Tree4 
376.1261 
0 
284.5659 
0 
268.2653 
0 
Tree4 
159.4753 
0 
204.5913 
0 
150.6098 
0 
Mailbox 
159.9645 
0 
280.2762 
0 
90.00001 
0 
Hydrant 
157.5146 
0.3660178 
334.0918 
0 
90.00001 
0 
Tree_conf2 
373.5528 
0 
286.6488 
0 
117.0708 
0 
Tree_conf2 
180.638 
0 
294.3711 
0 
0 
0 
Hydrant 
230.4302 
0.3660178 
158.8458 
0 
90.00001 
0 
Gas_Banner 
190.198 
0 
157.5853 
0 
90.00001 
0 
Brickwall1A 
146.3562 
0 
325.4416 
0 
0 
0 
Garage3 
235.7228 
0 
332.5187 
0 
90.00001 
0 
Tree_conf1 
292.1329 
0 
355.3142 
0 
82.93935 
0 
Bush1 
174.4054 
0 
307.6955 
0 
168.5023 
0 
Bush1 
197.4396 
0 
361.7382 
0 
168.5023 
0 
Fence1 
244.2534 
0 
143.3951 
0 
180 
0 
Fence1 
247.2534 
0 
143.3951 
0 
180 
0 
Fence1 
250.2534 
0 
143.3951 
0 
180 
0 
Fence1 
253.2534 
0 
143.3951 
0 
180 
0 
Tree2 
393.6028 
0 
241.3477 
0 
82.66653 
0 
Brickwall1B 
214.2703 
0 
146.0421 
0 
0 
0 
Metal_Fance1 
244.21 
0 
307.9588 
0 
90.00001 
0 
Metal_Fence2 
244.21 
0 
312.9588 
0 
93 
0 
Metal_Fance1 
244.21 
0 
317.9588 
0 
90.00001 
0 
Metal_Fence2 
244.21 
0 
322.9588 
0 
87.50001 
0 
Brickwall1B 
127.757 
0 
237.6102 
0 
0 
0 
Tree_conf2 
344.8545 
0 
378.8587 
0 
63.86535 
0 
House9 
294.4284 
0 
240.3699 
0 
270 
0 
Shrooms 
170.2424 
0 
331.868 
0 
108.4449 
0 
Tree1 
153.3578 
0 
103.9646 
0 
301.8734 
0 
Tree3 
254.7336 
0 
354.9972 
0 
302.8248 
0 
Tree_conf1 
207.415 
0 
373.2776 
0 
285.2746 
0 
Air_conditioner 
185.1331 
4.480774 
174.5841 
0 
0 
0 
Brickwall1A 
146.3562 
0 
344.3774 
0 
0 
0 
Gas_bottle 
263.7859 
0 
318.4184 
0 
76.47897 
0 
Air_conditioner 
236.2038 
6.598832 
206.3314 
0 
0 
0 
Bush1 
142.4352 
0 
298.6603 
0 
168.5023 
0 
Brickwall1B 
126.0609 
0 
256.4385 
0 
0 
0 
Brickwall1A 
112.022 
0 
244.7335 
0 
0 
0 
Gas_Tank 
276.5542 
0 
325.1483 
0 
0 
0 
Brickwall1B 
122.6093 
0 
309.0492 
0 
0 
0 
Tree_conf2 
369.8817 
0 
198.9418 
0 
301.1386 
0 
Tree3 
115.4862 
0 
308.4767 
0 
300.9311 
0 
Brickwall1B 
295.379 
0 
352.8105 
0 
0 
0 
Shed2B 
253.9325 
3.443983 
206.8534 
0 
0 
0 
Barrel2 
293.644 
0 
320.4337 
0 
0 
0 
Metal_Fance1 
302.5 
0 
315.4124 
0 
90.00001 
0 
Metal_Fence2 
302.5 
0 
320.4124 
0 
88.7 
0 
Metal_Fance1 
302.5 
0 
325.4124 
0 
90.00001 
0 
Fence1 
244.5095 
0 
279.0254 
0 
0 
0 
Fence1 
241.5095 
0 
279.0254 
0 
0 
0 
Fence1 
238.5095 
0 
279.0254 
0 
0 
0 
Fence1 
235.5095 
0 
279.0254 
0 
0 
0 
Brickwall1C 
167.8081 
-0.1646824 
207.0673 
0 
270 
0 
Brickwall1A 
170.1031 
0 
197.5704 
0 
0 
0 
Bush2 
154.4996 
0 
300.1123 
0 
0 
0 
Tree_conf1 
259.1797 
0 
356.0916 
0 
117.0708 
0 
Hydrant 
157.7268 
0.3660178 
166.8466 
0 
90.00001 
0 
Tree1 
335.9086 
0 
284.2301 
0 
134.0628 
0 
Tree_conf2 
191.5237 
0 
198.6842 
0 
0 
0 
Gas_Tank 
306.3026 
0 
298.22 
0 
180 
0 
Brickwall1B 
176.5335 
0 
146.0421 
0 
0 
0 
Brickwall1B 
146.5371 
0 
242.3499 
0 
0 
0 
Gas_Tank 
171.873 
0 
162.3409 
0 
0 
0 
Tree_conf2 
329.086 
0 
356.2594 
0 
264.896 
0 
Trash2 
316.1657 
0 
255.3107 
0 
0 
0 
Brickwall1B 
328.3835 
0 
293.0299 
0 
0 
0 
Fence1 
319.9783 
0 
207.3541 
0 
0 
0 
Barrel3 
302.5124 
0 
255.9491 
0 
0 
0 
Powerpole1_cable 
207.7759 
0 
360 
0 
0 
0 
Tree_conf2 
142.5639 
0 
222.5728 
0 
301.1386 
0 
Tree_conf1 
248.1677 
0 
356.2562 
0 
117.0708 
0 
Gas_Station 
189.6153 
0 
172.1039 
0 
90.00001 
0 
Fence1 
148.1743 
0 
279.0119 
0 
0 
0 
Fence1 
145.1743 
0 
279.0119 
0 
0 
0 
Fence1 
142.1743 
0 
279.0119 
0 
0 
0 
Fence1 
139.1743 
0 
279.0119 
0 
0 
0 
Tree_conf2 
329.4931 
0 
375.0128 
0 
63.86535 
0 
Tree2 
185.8513 
0 
307.7857 
0 
89.7347 
0 
Umbrella1A 
258.2723 
0 
158.317 
0 
0 
0 
Shed2B 
273.2388 
3.678437 
256.5063 
0 
180 
0 
Tree1 
242.7758 
0 
144.4733 
0 
194.3408 
0 
Hydrant 
210.2251 
0.3660178 
298.4495 
0 
90.00001 
0 
Mailbox 
220.299 
-0.1100836 
258.8809 
0 
0 
0 
Tree2 
193.3664 
0 
201.9207 
0 
261.6745 
0 
Hydrant 
162.7362 
0.3660178 
252.9423 
0 
90.00001 
0 
Tree1 
400.3452 
0 
257.884 
0 
194.108 
0 
Tree1 
251.7086 
0 
110.2083 
0 
332.2104 
0 
Tree_conf2 
313.0668 
0 
387.0736 
0.6999719 
302.549 
2.668242E-08 
Gas_bottle 
233.8382 
0 
312.9659 
0 
0 
0 
Fence1 
256.2416 
0 
143.4255 
0 
90.00001 
0 
Fence1 
256.2416 
0 
146.4255 
0 
90.00001 
0 
Fence1 
256.2416 
0 
149.4255 
0 
90.00001 
0 
Fence1 
256.2416 
0 
152.4255 
0 
90.00001 
0 
Hydrant 
163.7589 
0.3660178 
208.8948 
0 
90.00001 
0 
Tree3 
334.7523 
0 
180.4649 
0 
131.4976 
0 
Brickwall1A 
151.2446 
0 
206.9957 
0 
90.00001 
0 
Shop_logo1 
267.9998 
3.444785 
267.3334 
0 
271.9926 
0 
Powrbox1 
267.8065 
0 
240.4965 
0 
270 
0 
House12 
310.928 
0 
233.8834 
0 
180 
0 
Brickwall1A 
292.0467 
0 
234.8154 
0 
90.00001 
0 
Tree_conf1 
93.64043 
0 
309.7173 
0 
115.1771 
0 
Tree3 
375.4757 
0 
252.2595 
0 
349.2199 
0 
Bench1 
320.0988 
0 
196.8202 
0 
90.00001 
0 
Fence1 
189.9881 
0 
291.6123 
0 
0 
0 
Fence1 
186.9881 
0 
291.6123 
0 
0 
0 
Fence1 
183.9881 
0 
291.6123 
0 
0 
0 
Fence1 
180.9881 
0 
291.6123 
0 
0 
0 
Tree_conf1 
225.6974 
0 
143.0745 
0 
0 
0 
Hydrant 
246.3694 
0.3660178 
318.0994 
0 
90.00001 
0 
Fence1 
166.1113 
0 
288.5798 
0 
180 
0 
Fence1 
169.1113 
0 
288.5798 
0 
180 
0 
Fence1 
172.1113 
0 
288.5798 
0 
180 
0 
Fence1 
175.1113 
0 
288.5798 
0 
180 
0 
Fence1 
232.2638 
0 
143.3951 
0 
180 
0 
Fence1 
235.2638 
0 
143.3951 
0 
180 
0 
Fence1 
238.2638 
0 
143.3951 
0 
180 
0 
Fence1 
241.2638 
0 
143.3951 
0 
180 
0 
Brickwall1B 
207.8973 
0 
196.0643 
0 
0 
0 
Tree_conf1 
376.0809 
0 
298.1691 
0 
117.0708 
0 
Trash1 
294.1931 
0 
233.3655 
0 
180 
0 
Fence1 
232.2384 
0 
161.2496 
0 
270 
0 
Fence1 
232.2384 
0 
158.2496 
0 
270 
0 
Powerpole_cable50M 
333 
0 
279 
0 
90.00001 
0 
Fence1 
201.9381 
0 
291.6123 
0 
0 
0 
Fence1 
198.9381 
0 
291.6123 
0 
0 
0 
Fence1 
195.9381 
0 
291.6123 
0 
0 
0 
Fence1 
192.9381 
0 
291.6123 
0 
0 
0 
Tree_conf2 
245.6686 
0 
374.0934 
0 
117.0708 
0 
Brickwall1A 
216.6576 
0 
146.0421 
0 
90.00001 
0 
Container2 
238.912 
0 
316.8185 
0 
0 
0 
Metal_Fance1 
191.2232 
0 
181.5994 
0 
0 
0 
Metal_Fence2 
186.2232 
0 
181.5994 
0 
0 
0 
Hydrant 
336.272 
0.3660178 
233.4483 
0 
90.00001 
0 
Brickwall1A 
146.3562 
0 
334.8798 
0 
0 
0 
Tree1 
185.9769 
0 
293.9755 
0 
322.3151 
0 
Shed2A 
282.4342 
3.312626 
219.669 
0 
180 
0 
Road_Barrier 
147.7969 
0.3307655 
247.7827 
0 
90.00001 
0 
Tree3 
331.1703 
0 
368.9308 
0 
63.86535 
0 
Brickwall1B 
122.6093 
0 
294.7972 
0 
0 
0 
Powrbox1 
174.5368 
0 
285.2171 
0 
0 
0 
Brickwall1A 
314.1265 
0 
237.8291 
0 
0 
0 
Brickwall1B 
210.3444 
0 
184.2673 
0 
0 
0 
Barrel2 
306.0794 
0 
292.4688 
0 
0 
0 
Tree1 
276.2108 
0 
383.9915 
0 
293.6332 
0 
Powrbox1 
290.5956 
0 
205.5134 
0 
0 
0 
Powrbox2 
251.2078 
0 
277.0314 
0 
0 
0 
Hydrant 
221.9928 
0.3660178 
252.9423 
0 
90.00001 
0 
Barrel3 
234.3626 
0 
299.037 
0 
0 
0 
Brickwall1B 
135.4776 
0 
256.4385 
0 
0 
0 
Grill 
167.6412 
0 
294.1578 
0 
85.6208 
0 
Trash2 
288.4006 
0 
267.0588 
0 
43.84428 
0 
Fence1 
223.1839 
0 
231.0068 
0 
90.00001 
0 
Fence1 
223.1839 
0 
234.0068 
0 
90.00001 
0 
Fence1 
223.1839 
0 
237.0068 
0 
90.00001 
0 
Fence1 
223.1839 
0 
240.0068 
0 
90.00001 
0 
Tree_conf1 
124.9918 
0 
354.089 
0 
45.71577 
0 
Brickwall1A 
146.3562 
0 
320.6906 
0 
0 
0 
Tree_conf1 
146.4951 
0 
374.548 
0 
285.2746 
0 
Fence1 
317.0136 
0 
195.3 
0 
90.00001 
0 
Fence1 
317.0136 
0 
198.3 
0 
90.00001 
0 
Fence1 
317.0136 
0 
201.3 
0 
90.00001 
0 
Fence1 
317.0136 
0 
204.3 
0 
90.00001 
0 
Tree_conf1 
368.2617 
0 
233.4025 
0 
168.9663 
0 
Brickwall1A 
328.3835 
0 
345.8814 
0 
0 
0 
Barrel2 
301.7858 
0 
257.0585 
0 
99.52338 
0 
Brickwall1B 
333.1806 
0 
306.9391 
0 
0 
0 
Tree2 
332.4634 
0 
331.3356 
0 
315.3306 
0 
Tree_conf2 
129.8806 
0 
262.0144 
0 
293.4888 
0 
Brickwall1B 
364.0384 
0 
267.2884 
0 
0 
0 
Brickwall1B 
364.0384 
0 
249.0246 
0 
0 
0 
Air_conditioner 
288.6205 
6.571287 
238.6421 
0 
0 
0 
Brickwall1C 
146.4647 
-0.2010322 
318.3102 
0 
0 
0 
Tree_conf1 
141.7509 
0 
346.9673 
0 
3.612518 
0 
Gas_Banner 
268.4978 
0 
338.046 
0 
90.00001 
0 
Tree_conf1 
208.5719 
0 
239.1658 
0 
0 
0 
Hydrant 
157.8121 
0.3660178 
232.6614 
0 
90.00001 
0 
Tree4 
139.9844 
0 
367.9427 
0 
107.0279 
0 
Brickwall1A 
256.808 
0 
331.0332 
0 
0 
0 
Mailbox 
195.8358 
0 
282.0883 
0 
270 
0 
Brickwall1B 
242.7624 
0 
188.9592 
0 
0 
0 
Fence1 
331.8586 
0 
204.3248 
0 
270 
0 
Fence1 
331.8586 
0 
201.3248 
0 
270 
0 
Fence1 
331.8586 
0 
198.3248 
0 
270 
0 
Fence1 
331.8586 
0 
195.3248 
0 
270 
0 
Tree_conf1 
271.6482 
0 
369.3185 
0 
318.9493 
0 
Tree1 
158.9005 
0 
191.2965 
0 
293.0485 
0 
Tree_conf2 
340.2238 
0 
362.7259 
0 
63.86535 
0 
Brickwall1A 
153.4118 
0 
351.4645 
0 
90.00001 
0 
Tree_conf1 
388.6265 
0 
311.8209 
0 
260.4747 
0 
Hydrant 
325.6144 
0.3660178 
338.6815 
0 
90.00001 
0 
Powrbox1 
173.7477 
0 
266.9545 
0 
270 
0 
Tree4 
260.5222 
0 
362.0132 
0 
268.2653 
0 
Tree1_big 
341.0435 
0 
208.7801 
0 
282.4686 
0 
Tree_conf1 
307.9701 
0 
161.3369 
0 
262.2406 
0 
Hydrant 
318.1437 
0.3660178 
232.3533 
0 
90.00001 
0 
Fence1 
305.0382 
0 
207.3288 
0 
270 
0 
Fence1 
305.0382 
0 
204.3288 
0 
270 
0 
Fence1 
305.0382 
0 
201.3288 
0 
270 
0 
Fence1 
305.0382 
0 
198.3288 
0 
270 
0 
Hydrant 
221.5597 
0.3660178 
168.325 
0 
90.00001 
0 
Metal_Fance1 
313.6861 
0 
304.5806 
0 
90.00001 
0 
Tree_conf1 
194.9534 
0 
256.5179 
0 
0 
0 
Brickwall1B 
167.7505 
0 
183.4428 
0 
0 
0 
Brickwall1B 
140.2457 
0 
265.8771 
0 
0 
0 
Tree_conf1 
114.3787 
0 
293.8634 
0 
359.6013 
0 
House7 
251.7073 
0 
266.1846 
0 
180 
0 
House15 
220.8286 
0 
198.4564 
0 
0 
0 
Tree_conf1 
109.4451 
0 
303.7099 
0 
359.6013 
0 
Brickwall1B 
328.3835 
0 
320.4541 
0 
0 
0 
Bench1 
269.0867 
0 
178.9507 
0 
0 
0 
Powerpole_cable50M 
240 
0 
190 
0 
0 
0 
Tree1 
366.9289 
0 
204.5657 
0 
234.7718 
0 
Tree2_big 
361.3961 
0 
286.1787 
0 
15.23766 
0 
Tree_conf2 
357.5909 
0 
176.3606 
0.6999716 
356.5361 
-3.835597E-08 
Tree1 
124.8581 
0 
163.4497 
0 
339.349 
0 
Tree2 
137.5048 
0 
261.9968 
0 
33.61349 
0 
Hydrant 
248.0431 
0.3660178 
216.7728 
0 
90.00001 
0 
Tree_conf2 
162.8015 
0 
314.2995 
0 
0 
0 
Fence1 
178.0719 
0 
297.6099 
0 
270 
0 
Fence1 
178.0719 
0 
294.6099 
0 
270 
0 
Fence1 
178.0719 
0 
291.6099 
0 
270 
0 
Fence1 
178.0719 
0 
288.6099 
0 
270 
0 
Tree3 
283.208 
0 
362.0138 
0 
82.93935 
0 
House13 
215.1653 
0 
197.484 
0 
90.00001 
0 
Fence1 
231.9156 
0 
219.513 
0 
90.00001 
0 
Fence1 
231.9156 
0 
222.513 
0 
90.00001 
0 
Fence1 
231.9156 
0 
225.513 
0 
90.00001 
0 
Powrbox1 
311.6251 
0 
230.6284 
0 
180 
0 
Gas_bottle 
164.1906 
0 
225.2872 
0 
0 
0 
Hydrant 
361.6393 
0.3660178 
245.7366 
0 
90.00001 
0 
Trash1 
179.2851 
0 
272.5236 
0 
180 
0 
Gas_bottle 
248.0483 
0 
161.8452 
0 
0 
0 
Brickwall1B 
170.1259 
0 
204.6474 
0 
0 
0 
Tree_conf1 
374.7837 
0 
278.6442 
0 
117.0708 
0 
Brickwall1A 
128.4483 
0 
256.4385 
0 
90.00001 
0 
Brickwall1A 
364.0384 
0 
242.1326 
0 
0 
0 
Brickwall1B 
125.0808 
0 
316.019 
0 
0 
0 
Trash1 
179.6629 
0 
288.2363 
0 
102.2912 
0 
Tree_conf2 
389.7297 
0 
239.2175 
0 
168.9663 
0 
Tree2_big 
164.8839 
0 
190.7955 
0 
257.5821 
0 
Pipe1A 
137.9348 
0 
140.6802 
0 
180 
0 
Pipe1A 
143.9348 
0 
140.6802 
0 
180 
0 
Pipe1A 
134.9348 
0 
131.6802 
0 
90.00002 
0 
Pipe1A 
149.9348 
0 
140.6802 
0 
180 
0 
Pipe1C 
134.9348 
0 
131.6802 
0 
90.00002 
0 
Pipe1D 
155.9348 
0 
140.6802 
0 
180 
0 
Pipe1E 
134.9348 
0 
137.6802 
0 
90.00002 
0 
Tree2_big 
314.1293 
0 
156.644 
0 
160.4074 
0 
Tree_conf1 
115.9656 
0 
274.9975 
0 
293.4888 
0 
Trash1 
249.1545 
0 
270.7302 
0 
0 
0 
Tree_conf2 
383.8564 
0 
259.3468 
0 
349.2199 
0 
Air_conditioner 
294.4769 
6.24237 
242.9189 
0 
0 
0 
Tree1_big 
355.7662 
0 
309.6611 
0 
78.64065 
0 
Brickwall1A 
188.3555 
0 
146.0421 
0 
90.00001 
0 
Tree_conf1 
140.7315 
0 
343.5419 
0 
3.612518 
0 
Brickwall1C 
255.5401 
-0.2479715 
297.3222 
0 
270 
0 
Tree3 
389.2552 
0 
255.5332 
0 
260.4747 
0 
Tree_conf2 
323.4799 
0 
371.5781 
0 
264.896 
0 
Tree_conf1 
89.99185 
0 
355.9037 
0 
285.2746 
0 
Tree_conf1 
173.0501 
0 
356.0916 
0 
117.0708 
0 
Fence1 
160.1161 
0 
261.8221 
0 
90.00001 
0 
Fence1 
160.1161 
0 
264.8221 
0 
90.00001 
0 
Fence1 
160.1161 
0 
267.8221 
0 
90.00001 
0 
Fence1 
160.1161 
0 
270.8221 
0 
90.00001 
0 
Hydrant 
331.1012 
0.3660178 
276.5181 
0 
90.00001 
0 
Pallet 
194.6834 
0.6890192 
176.626 
54.10328 
0 
0 
Tree2 
79.97942 
0 
337.7314 
0 
107.4665 
0 
Brickwall1A 
137.865 
0 
265.8772 
0 
90.00001 
0 
Hydrant 
361.6393 
0.3660178 
265.1423 
0 
90.00001 
0 
Metal_Fance1 
167.1209 
0 
167.4437 
0 
270 
0 
Metal_Fence2 
167.1209 
0 
162.4437 
0 
270 
0 
Trash1 
242.4929 
0 
154.4006 
0 
180 
0 
Brickwall1A 
177.048 
0 
351.4645 
0 
90.00001 
0 
Brickwall1B 
281.2876 
0 
352.8105 
0 
0 
0 
Hydrant 
227.4733 
0.3660178 
209.2859 
0 
90.00001 
0 
Fence1 
331.8531 
0 
192.3579 
0 
0 
0 
Tree2 
369.2289 
0 
264.1669 
0 
63.88414 
0 
Tree3 
275.7276 
0 
395.3176 
0 
0 
0 
Trash2 
197.7593 
0 
169.9407 
0 
0 
0 
Tree3 
311.2444 
0 
367.5957 
0 
90.65001 
0 
Bush2 
167.0549 
0 
336.5684 
0 
0 
0 
Tree3 
132.6287 
0 
171.7038 
0 
45.71577 
0 
Powrbox1 
183.5193 
0 
282.5354 
0 
270 
0 
Grill 
245.2199 
0 
151.0161 
0 
0 
0 
Tree_conf1 
249.4741 
0 
105.023 
0 
38.57713 
0 
Tree_conf1 
271.6482 
0 
300.2733 
0 
318.9493 
0 
Hydrant 
150.2089 
0.3660178 
235.9947 
0 
90.00001 
0 
Fence1 
256.0186 
0 
233.2998 
0 
270 
0 
Fence1 
256.0186 
0 
230.2998 
0 
270 
0 
Fence1 
256.0186 
0 
227.2998 
0 
270 
0 
Fence1 
256.0186 
0 
224.2998 
0 
270 
0 
Tree_conf2 
348.577 
0 
298.0075 
0 
0 
0 
Brickwall1B 
112.0156 
0 
247.1009 
0 
0 
0 
Fence1 
216.8607 
0 
219.5914 
0 
90.00001 
0 
Tree1_big 
363.6249 
0 
211.1216 
0 
19.77929 
0 
Tree_conf2 
118.3992 
0 
317.6767 
0 
115.1771 
0 
Tree4 
94.78643 
0 
315.6803 
0 
266.3716 
0 
Brickwall1A 
210.2624 
0 
200.7695 
0 
90.00001 
0 
Brickwall1A 
146.5436 
0 
216.4369 
0 
0 
0 
Brickwall1B 
139.2655 
0 
316.019 
0 
0 
0 
Evac1A 
268.9427 
3.521886 
241.1274 
0 
270 
0 
Evac1A 
268.9427 
5.951933 
241.1274 
0 
270 
0 
Evac1A 
268.9427 
8.372253 
241.1274 
0 
270 
0 
Evac1B 
268.3935 
3.54993 
241.9334 
0 
270 
0 
Evac1B 
268.3935 
5.974739 
241.9334 
0 
270 
0 
Powerpole1_cable 
240 
0 
260 
0 
0 
0 
Tree2_big 
366.5478 
0 
329.7099 
0 
257.5821 
0 
Hydrant 
307.8387 
0.3660178 
269.1573 
0 
90.00001 
0 
Powerpole1_cable 
163 
0 
279 
0 
90.00001 
0 
Hydrant 
205.8476 
0.3660178 
278.8637 
0 
90.00001 
0 
Barrel2 
234.5922 
0 
322.1418 
0 
0 
0 
Box1 
235.4975 
0 
310.3362 
0 
44.2453 
0 
Hydrant 
143.4132 
0.3660178 
244.9541 
0 
90.00001 
0 
Brickwall1A 
134.8111 
0 
242.2338 
0 
90.00001 
0 
Fence1 
183.9728 
0 
303.6041 
0 
270 
0 
Fence1 
183.9728 
0 
300.6041 
0 
270 
0 
Fence1 
183.9728 
0 
297.6041 
0 
270 
0 
Fence1 
183.9728 
0 
294.6041 
0 
270 
0 
Garage2 
251.1836 
0 
160.4848 
0 
0 
0 
Trash1 
292.5508 
0 
265.7825 
0 
270 
0 
Metal_Fance1 
241.7234 
0 
325.683 
0 
0 
0 
Metal_Fence2 
236.7234 
0 
325.683 
0 
0 
0 
Brickwall1B 
144.0168 
0 
316.0398 
0 
0 
0 
Tree1_big 
368.3776 
0 
284.9409 
0 
195.7115 
0 
Tree4 
302.684 
0 
366.6446 
0 
234.1338 
0 
Brickwall1B 
134.4975 
0 
316.019 
0 
0 
0 
Brickwall1A 
266.4105 
0 
335.6509 
0 
90.00001 
0 
Brickwall1B 
357.2016 
0 
278.8312 
0 
0 
0 
Brickwall1B 
338.3421 
0 
278.8312 
0 
0 
0 
Pallet 
228.3884 
0 
315.4211 
0 
93.35417 
0 
Brickwall1A 
122.6157 
0 
282.9951 
0 
0 
0 
Brickwall1B 
160.4759 
0 
351.4644 
0 
0 
0 
Brickwall1B 
146.3498 
0 
332.4929 
0 
0 
0 
Tree2 
220.4714 
0 
205.6002 
0 
139.2819 
0 
Tree3 
258.3934 
0 
119.3641 
0 
38.57713 
0 
Tree4 
174.3926 
0 
362.0132 
0 
268.2653 
0 
Tree_conf1 
395.0693 
0 
262.0442 
0 
260.4747 
0 
Umbrella1A 
175.1541 
0 
271.5377 
0 
0 
0 
Tree1 
209.8199 
0 
257.2247 
0 
293.6332 
0 
Tree_conf1 
295.6879 
0 
354.9469 
0 
82.93935 
0 
Barrel3 
263.6428 
0 
316.5493 
0 
0 
0 
Brickwall1A 
255.6896 
0 
200.8314 
0 
0 
0 
Shrooms 
338.4904 
0 
209.2269 
0 
120.6308 
0 
Brickwall1B 
144.997 
0 
265.8979 
0 
0 
0 
Air_conditioner 
271.2588 
5.365627 
235.729 
0 
0 
0 
Hydrant 
245.4582 
0.3660178 
252.9423 
0 
90.00001 
0 
Bench1 
297.2963 
0 
184.6761 
0 
90.00001 
0 
Tree2_big 
106.2644 
0 
316.8053 
0 
13.3439 
0 
Brickwall1A 
165.4293 
0 
206.9957 
0 
90.00001 
0 
Tree_conf2 
155.6694 
0 
185.8275 
0 
359.4153 
0 
Tree4 
355.9225 
0 
212.0453 
0 
92.33311 
0 
Tree_conf2 
112.7009 
0 
334.9417 
0 
82.93935 
0 
Hydrant 
142.8758 
0.3660178 
276.6615 
0 
90.00001 
0 
Tree_conf1 
185.0565 
0 
383.0399 
0 
0 
0 
Pack 
307.8155 
0.3735986 
286.4738 
0 
77.39213 
0 
House14 
225.9716 
0 
198.4633 
0 
0 
0 
Hydrant 
265.9122 
0.3660178 
200.0676 
0 
90.00001 
0 
House1 
226.3956 
0 
231.5434 
0 
90.00001 
0 
Tree2 
176.1792 
0 
319.4175 
0 
153.5305 
0 
BusStop 
165.8201 
0 
221.2043 
0 
180 
0 
Road_Barrier 
243.5517 
0 
239.2247 
0 
275.9892 
0 
Tree_conf2 
135.2411 
0 
375.8071 
0.699972 
285.2746 
-5.336483E-08 
Tree_conf2 
306.5409 
0 
179.0164 
0 
0 
0 
Trash1 
233.437 
0 
226.3627 
0 
90.00001 
0 
Trash2 
239.5667 
0 
206.8187 
0 
0 
0 
Brickwall1A 
202.4642 
0 
146.0421 
0 
90.00001 
0 
Brickwall1B 
359.2664 
0 
230.7202 
0 
0 
0 
Tree1 
109.3162 
0 
321.9763 
0 
48.8103 
0 
Tree_conf2 
111.5816 
0 
362.1054 
0.6999718 
45.71579 
2.668242E-08 
Shop 
283.5936 
0 
200.1833 
0 
270 
0 
Trash1 
187.1873 
0 
177.4401 
0 
0 
0 
Bush1 
165.8299 
0 
364.8465 
0 
168.5023 
0 
Brickwall1A 
112.022 
0 
239.9971 
0 
0 
0 
Hydrant 
198.2744 
0.3660178 
266.4862 
0 
90.00001 
0 
Brickwall1B 
222.4699 
0 
292.2875 
0 
0 
0 
Tree3 
306.8599 
0 
128.7346 
0 
38.57713 
0 
Powrbox2 
138.2668 
0 
289.0219 
0 
0 
0 
Tree3 
97.12854 
0 
236.8251 
0 
354.7203 
0 
Tree4 
119.7812 
0 
334.6616 
0 
234.1338 
0 
Tree_conf1 
283.6776 
0 
151.5928 
0 
0 
0 
Tree_conf2 
195.4557 
0 
399.6561 
0 
0 
0 
Tree_conf2 
213.8825 
0 
345.6374 
0 
82.93935 
0 
Tree_conf2 
357.3332 
0 
324.7419 
0 
359.4153 
0 
Tree_conf2 
371.7233 
0 
359.6064 
0.6999719 
302.549 
2.668242E-08 
Fence1_pole 
267.9575 
0 
185.3412 
0 
0 
0 
Brickwall1A 
128.4483 
0 
265.8772 
0 
90.00001 
0 
Fence1 
172.0139 
0 
258.8909 
0 
0 
0 
Fence1 
169.0139 
0 
258.8909 
0 
0 
0 
Fence1 
166.0139 
0 
258.8909 
0 
0 
0 
Fence1 
163.0139 
0 
258.8909 
0 
0 
0 
Fence1 
232.2638 
0 
155.3091 
0 
270 
0 
Fence1 
232.2638 
0 
152.3091 
0 
270 
0 
Fence1 
232.2638 
0 
149.3091 
0 
270 
0 
Fence1 
232.2638 
0 
146.3091 
0 
270 
0 
Pipe1A 
181.791 
0 
373.1716 
0 
270 
0 
Pipe1A 
181.791 
0 
367.1716 
0 
270 
0 
Pipe1A 
172.791 
0 
376.1716 
0 
180 
0 
Pipe1A 
181.791 
0 
361.1716 
0 
270 
0 
Pipe1C 
172.791 
0 
376.1716 
0 
180 
0 
Pipe1D 
181.791 
0 
355.1716 
0 
270 
0 
Pipe1E 
178.791 
0 
376.1716 
0 
180 
0 
Pack 
161.0928 
0 
170.3406 
0 
237.2373 
0 
Brickwall1A 
316.6618 
0 
352.8105 
0 
90.00001 
0 
Brickwall1B 
328.3835 
0 
348.2126 
0 
0 
0 
House16 
306.0648 
0 
257.4432 
0 
0 
0 
Box2 
240.3744 
0 
310.9818 
0 
92.10963 
0 
Garage3 
350.2732 
0 
253.4353 
0 
90.00001 
0 
Tree_conf1 
100.7333 
0 
234.0016 
0 
168.9663 
0 
Fence1 
223.1839 
0 
242.9653 
0 
0 
0 
Bush2 
174.2347 
0 
320.722 
0 
0 
0 
Tree_conf1 
342.7688 
0 
198.6603 
0 
0 
0 
Brickwall1A 
302.5345 
0 
352.8105 
0 
90.00001 
0 
Trash1 
330.1706 
0 
195.9847 
0 
270 
0 
Tree_conf1 
368.6545 
0 
216.9117 
0 
301.1386 
0 
Tree_conf1 
375.0911 
0 
273.9678 
0 
349.2199 
0 
Brickwall1A 
364.0384 
0 
246.7035 
0 
0 
0 
Fence1 
220.1839 
0 
242.9653 
0 
0 
0 
Fence1 
217.1839 
0 
242.9653 
0 
0 
0 
Fence1 
214.1839 
0 
242.9653 
0 
0 
0 
Brickwall1C 
256.8153 
-0.2010322 
333.3216 
0 
180 
0 
Metal_Fance1 
278.9268 
0 
190.9949 
0 
180 
0 
Brickwall1B 
281.0817 
0 
234.8267 
0 
0 
0 
Tree2 
334.0632 
0 
286.1745 
0 
74.66421 
0 
Metal_Fence2 
283.9268 
0 
190.9949 
0 
178.7 
0 
Metal_Fance1 
288.9268 
0 
190.9949 
0 
180 
0 
Billboard1 
255.9295 
0 
240.8797 
0 
270 
0 
Hydrant 
150.3366 
0.3660178 
330.2198 
0 
90.00001 
0 
Tree_conf2 
106.6932 
0 
266.5618 
0 
293.4888 
0 
Brickwall1B 
333.1806 
0 
315.9113 
0 
0 
0 
Tree4 
217.1811 
0 
345.3573 
0 
234.1338 
0 
Tree_conf1 
104.9647 
0 
274.4738 
0 
293.4888 
0 
Billboard1 
183.6189 
0 
338.7132 
0 
90.00001 
0 
Grill 
262.8546 
0 
156.9742 
0 
0 
0 
Tree1_big 
252.7737 
0 
362.3883 
0 
195.7115 
0 
Tree1_big 
113.2831 
0 
315.799 
0 
193.8177 
0 
Brickwall1B 
328.3835 
0 
297.6315 
0 
0 
0 
Shed1A 
225.9276 
3.491267 
200.7634 
0 
0 
0 
Powrbox1 
222.6454 
0 
187.1574 
0 
0 
0 
Tree_conf1 
298.8366 
0 
155.1823 
0 
262.2406 
0 
Tree1_big 
227.6451 
0 
359.3452 
0 
153.3066 
0 
Tree5 
147.448 
0 
299.7931 
0 
0 
0 
Mailbox 
239.2165 
-0.1100836 
218.9619 
0 
0 
0 
Brickwall1B 
146.2862 
0 
171.5848 
0 
0 
0 
Brickwall1B 
347.4404 
0 
265.6626 
0 
0 
0 
Tree3 
282.4031 
0 
165.5818 
0 
0 
0 
Brickwall1A 
326.0965 
0 
352.8105 
0 
90.00001 
0 
Trash1 
190.3309 
0 
308.4876 
0 
180 
0 
Tree_conf2 
313.3681 
0 
358.1822 
0 
264.896 
0 
Trash2 
159.7299 
0 
242.9736 
0 
336.471 
0 
Brickwall1B 
130.811 
0 
265.8771 
0 
0 
0 
Fence1 
243.8051 
0 
228.5707 
0 
0 
0 
Powerpole_cable50M 
148 
0 
230 
0 
270 
0 
Brickwall1A 
345.0817 
0 
228.3804 
0 
0 
0 
Tree_conf1 
281.1867 
0 
388.5063 
0 
0 
0 
Fence1 
232.4365 
0 
278.9826 
0 
270 
0 
Food_bar 
299.0661 
0 
286.3036 
0 
180 
0 
Fence1 
232.4365 
0 
275.9826 
0 
270 
0 
Fence1 
232.4365 
0 
272.9826 
0 
270 
0 
Fence1 
232.4365 
0 
269.9826 
0 
270 
0 
Tree_conf2 
142.5025 
0 
198.9418 
0 
301.1386 
0 
Tree_conf1 
311.5293 
0 
161.013 
0 
262.2406 
0 
Pallet 
161.8145 
0 
167.7855 
0 
45.35118 
0 
Fence1_pole 
148.0461 
0 
296.9654 
0 
0 
0 
Hydrant 
175.2069 
0.3660178 
173.7169 
0 
90.00001 
0 
Trash2 
215.6833 
0 
223.5189 
0 
0 
0 
Tree2_big 
141.2118 
0 
209.3918 
0 
199.3055 
0 
House15 
301.1401 
0 
264.8647 
0 
0 
0 
Brickwall1A 
127.4681 
0 
316.0191 
0 
90.00001 
0 
Tree2_big 
204.0833 
0 
338.427 
0 
341.1062 
0 
House3 
298.9299 
0 
194.173 
0 
90.00001 
0 
Powerpole1 
68 
0 
230 
0 
270 
0 
Tree4 
181.1957 
0 
132.034 
0 
92.33311 
0 
Box2 
304.5966 
0 
295.1436 
0 
310.6434 
0 
Brickwall1B 
237.9697 
0 
184.2673 
0 
0 
0 
Brickwall1A 
165.4293 
0 
183.488 
0 
90.00001 
0 
Brickwall1A 
300.4572 
0 
224.2994 
0 
90.00001 
0 
Brickwall1A 
141.6529 
0 
316.0191 
0 
90.00001 
0 
Tree_conf1 
357.6816 
0 
217.8571 
0 
301.1386 
0 
Tree4 
328.9597 
0 
144.977 
0 
154.02 
0 
Barrel2 
280.1544 
0 
255.1773 
0 
105.36 
0 
Tree4 
259.3405 
0 
133.2637 
0 
181.7533 
0 
Powerpole1_cable 
240 
0 
290 
0 
0 
0 
Tree1 
275.2909 
0 
147.716 
0 
293.6332 
0 
Tree_conf1 
381.7183 
0 
265.1714 
0 
349.2199 
0 
Brickwall1A 
359.589 
0 
278.8313 
0 
90.00001 
0 
Brickwall1B 
146.3498 
0 
346.7449 
0 
0 
0 
Hydrant 
198.9659 
0.3660178 
316.3065 
0 
90.00001 
0 
Brickwall1B 
144.997 
0 
256.4592 
0 
0 
0 
Powerpole_cable50M 
253 
0 
279 
0 
90.00001 
0 
Road_Barrier 
311.0488 
0 
279.4731 
0 
351.4074 
0 
Shrooms 
368.5622 
0 
257.9384 
0 
176.8691 
0 
Brickwall1B 
333.1527 
0 
311.562 
0 
0 
0 
Tree2_big 
221.6553 
0 
355.5509 
0 
332.8328 
0 
Brickwall1B 
314.2744 
0 
352.8105 
0 
0 
0 
Brickwall1B 
146.3498 
0 
337.2472 
0 
0 
0 
Tree2 
370.6419 
0 
289.2869 
0 
191.735 
0 
House14 
253.9215 
0 
204.3309 
0 
0 
0 
Brickwall1B 
242.7624 
0 
198.2002 
0 
0 
0 
Garage3 
281.5115 
0 
264.9555 
0 
0 
0 
Tree3 
242.8027 
0 
148.2742 
0 
50.22377 
0 
Fence1 
241.2329 
0 
155.4891 
0 
270 
0 
Tree_conf1 
344.193 
0 
357.4221 
0 
264.896 
0 
Tree_conf1 
273.7088 
0 
153.0226 
0 
0 
0 
Brickwall1B 
228.4563 
0 
146.0628 
0 
0 
0 
Mailbox 
231.0798 
-0.1100836 
236.9453 
0 
180 
0 
Brickwall1A 
162.8632 
0 
351.4645 
0 
90.00001 
0 
Trash2 
345.452 
0 
253.3266 
0 
0 
0 
Fence1 
241.2329 
0 
152.4891 
0 
270 
0 
Fence1 
241.2329 
0 
149.4891 
0 
270 
0 
Fence1 
241.2329 
0 
146.4891 
0 
270 
0 
Brickwall1B 
364.0384 
0 
230.7202 
0 
0 
0 
Brickwall1B 
155.8011 
0 
351.4644 
0 
0 
0 
Brickwall1A 
112.022 
0 
230.5589 
0 
0 
0 
Tree_conf1 
330.2639 
0 
332.5717 
0 
240.6663 
0 
Tree1 
162.8834 
0 
368.6934 
0 
50.70406 
0 
Shrooms 
332.6777 
0 
289.2306 
0 
176.8691 
0 
Fence1 
247.2109 
0 
161.5354 
0 
270 
0 
Brickwall1A 
178.9209 
0 
146.0421 
0 
90.00001 
0 
Box2 
231.084 
0 
311.785 
0 
92.10963 
0 
Hydrant 
253.6126 
0.3660178 
327.7809 
0 
90.00001 
0 
Tree1_big 
111.7516 
0 
268.5894 
0 
12.12945 
0 
Pack 
162.4232 
0 
227.403 
0 
0 
0 
Fence1 
247.2109 
0 
158.5354 
0 
270 
0 
Fence1 
160.1115 
0 
273.62 
0 
180 
0 
Box2 
230.1252 
0 
196.5216 
0 
49.97151 
0 
House15 
273.1897 
0 
258.7417 
0 
0 
0 
Shrooms 
191.8249 
0 
138.0018 
0 
181.7989 
0 
Tree2 
188.712 
0 
361.0956 
0 
107.4665 
0 
Fence1 
163.1115 
0 
273.62 
0 
180 
0 
Fence1 
166.1115 
0 
273.62 
0 
180 
0 
Tree_conf1 
94.0672 
0 
242.7685 
0 
168.9663 
0 
Box1 
302.5588 
0 
292.7875 
0 
0 
0 
Brickwall1B 
354.4984 
0 
230.7202 
0 
0 
0 
Tree4 
190.8652 
0 
240.6189 
0 
181.7533 
0 
Brickwall1A 
242.7654 
0 
195.936 
0 
0 
0 
Trash1 
233.8489 
0 
144.8902 
0 
90.00001 
0 
Pallet 
175.9438 
0 
166.0662 
0 
144.5856 
0 
Brickwall1A 
130.061 
0 
242.2338 
0 
90.00001 
0 
House14 
276.2677 
0 
240.9559 
0 
0 
0 
Brickwall1A 
330.7668 
0 
302.1755 
0 
90.00001 
0 
Pack 
292.1562 
0.3825927 
315.8448 
0 
276.0382 
0 
Barrel1 
292.2534 
0 
319.5365 
0 
0 
0 
Brickwall1A 
333.1806 
0 
304.5772 
0 
0 
0 
Tree3 
192.0301 
0 
227.2073 
0 
27.50048 
0 
Tree_conf1 
186.4901 
0 
143.1795 
0 
168.9663 
0 
Hydrant 
244.4317 
0.3660178 
181.022 
0 
90.00001 
0 
Tree3 
127.3491 
0 
387.9584 
0 
285.2746 
0 
Powerpole_cable50M 
83 
0 
279 
0 
90.00001 
0 
Brickwall1C 
148.8513 
-0.1646824 
206.9291 
0 
90.00001 
0 
Tree_conf1 
245.431 
0 
358.5548 
0 
117.0708 
0 
Fence1 
244.4398 
0 
269.9129 
0 
270 
0 
Barrel3 
169.9566 
0 
168.2085 
0 
0 
0 
Tree2_big 
339.2389 
0 
198.8159 
0 
0 
0 
Tree2 
270.8846 
0 
366.9137 
0 
33.61349 
0 
House17 
251.8499 
0 
194.6567 
0 
0 
0 
Bench1 
199.7225 
0 
296.7567 
0 
0 
0 
Bush2 
189.7632 
0 
199.4648 
0 
0 
0 
Brickwall1B 
264.0232 
0 
335.6509 
0 
0 
0 
Shrooms 
182.6665 
0 
299.8121 
0 
181.7989 
0 
Brickwall1B 
285.9623 
0 
352.8105 
0 
0 
0 
Tree2_big 
118.7969 
0 
267.7904 
0 
191.6556 
0 
Air_conditioner 
185.1331 
4.480774 
171.9342 
0 
0 
0 
Tree_conf1 
340.6527 
0 
357.9105 
0 
264.896 
0 
Powerpole1_cable 
388 
0 
230 
0 
270 
0 
Mailbox 
267.5866 
0 
184.7845 
0 
90.00001 
0 
Tree3 
367.7955 
0 
373.5532 
0 
302.549 
0 
Tree1_big 
364.4035 
0 
336.4684 
0 
78.05596 
0 
Pallet 
227.7751 
0.2004128 
300.9294 
18.82897 
60.79248 
0.6660891 
Barrel3 
303.4118 
0 
300.5971 
0 
0 
0 
Tree2_big 
337.9496 
0 
368.8421 
0 
322.0321 
0 
Fence1 
265.0671 
0 
173.4296 
0 
180 
0 
Tree_conf2 
373.0466 
0 
329.1238 
0 
359.4153 
0 
Mailbox 
180.7554 
0 
255.6644 
0 
0 
0 
Tree1 
132.4573 
0 
330.5773 
0 
16.57259 
0 
Pallet 
291.8733 
0 
315.7514 
0 
321.3894 
0 
Tree_conf1 
362.5214 
0 
304.8673 
0 
0 
0 
Brickwall1B 
167.7926 
0 
206.9957 
0 
0 
0 
Brickwall1A 
146.3562 
0 
349.097 
0 
0 
0 
Shrooms 
194.0648 
0 
229.5716 
0 
0 
0 
Tree_conf2 
132.1455 
0 
337.5741 
0 
3.612518 
0 
Trash2 
207.9075 
0 
242.9403 
0 
252.2854 
0 
Brickwall1A 
298.0812 
0 
221.9166 
0 
0 
0 
Fence1 
244.4398 
0 
266.9129 
0 
270 
0 
Fence1 
244.4398 
0 
263.9129 
0 
270 
0 
Fence1 
244.4398 
0 
260.9129 
0 
270 
0 
Fence1 
228.8249 
0 
228.5266 
0 
0 
0 
Tree1 
290.3837 
0 
145.4319 
0 
168.4359 
0 
Barrel4 
284.8176 
0 
228.3848 
0 
0 
0 
House14 
283.5188 
0 
257.4729 
0 
180 
0 
Brickwall1B 
290.7124 
0 
352.8105 
0 
0 
0 
Tree1 
273.5532 
0 
297.614 
0 
93.01202 
0 
Tree3 
168.3767 
0 
202.7205 
0 
185.1693 
0 
Fence1 
225.8249 
0 
228.5266 
0 
0 
0 
Fence1 
222.8249 
0 
228.5266 
0 
0 
0 
Fence1 
219.8249 
0 
228.5266 
0 
0 
0 
Tree3 
118.9264 
0 
325.6061 
0 
268.6933 
0 
Brickwall1A 
146.3562 
0 
339.6265 
0 
0 
0 
Tree3 
187.4675 
0 
138.6219 
0 
126.8926 
0 
Tree4 
373.9175 
0 
350.6882 
0 
124.3023 
0 
Barrel2 
169.0751 
0 
167.2437 
0 
0 
0 
Tree_conf1 
331.0869 
0 
297.3043 
0 
0 
0 
House3 
215.9992 
0 
235.2643 
0 
90.00001 
0 
Brickwall1A 
328.3835 
0 
327.2669 
0 
0 
0 
Brickwall1B 
122.6093 
0 
290.1134 
0 
0 
0 
Brickwall1A 
328.3835 
0 
318.123 
0 
0 
0 
Tree_conf1 
317.8176 
0 
401.9575 
0 
302.549 
0 
House13 
272.331 
0 
222.9045 
0 
90.00001 
0 
Brickwall1A 
167.6133 
0 
351.4645 
0 
90.00001 
0 
Brickwall1B 
174.6606 
0 
351.4644 
0 
0 
0 
Metal_Fance1 
293.7635 
0 
304.1855 
0 
270 
0 
Powrbox2 
305.8936 
0 
225.5128 
0 
90.00001 
0 
Brickwall1A 
207.935 
0 
193.7193 
0 
0 
0 
Brickwall1B 
126.0609 
0 
265.8771 
0 
0 
0 
Barrel3 
283.4708 
0 
227.8051 
0 
0 
0 
Tree_conf1 
363.323 
0 
308.3501 
0 
0 
0 
Air_conditioner 
234.2171 
2.926538 
206.3314 
0 
0 
0 
Container1 
299.0586 
0 
296.8588 
0 
0 
0 
Fence1_pole 
216.832 
0 
228.5159 
0 
0 
0 
Trash1 
284.1151 
0 
226.1551 
0 
270 
0 
Hydrant 
134.5108 
0.3660178 
269.3033 
0 
90.00001 
0 
Brickwall1B 
153.6073 
0 
206.9957 
0 
0 
0 
Tree1_big 
101.7351 
0 
242.9282 
0 
247.607 
0 
Powerpole_cable50M 
228 
0 
230 
0 
270 
0 
House9 
286.5634 
0 
236.0646 
0 
90.00001 
0 
Tree2 
168.9084 
0 
366.7342 
0 
191.735 
0 
Brickwall1B 
112.0156 
0 
251.7847 
0 
0 
0 
Tree_conf1 
333.5526 
0 
185.2026 
0 
0 
0 
Metal_Fence2 
293.7635 
0 
299.1855 
0 
268.7 
0 
Metal_Fance1 
293.7635 
0 
294.1855 
0 
270 
0 
Fence1 
208.0277 
0 
266.9741 
0 
270 
0 
Brickwall1B 
298.0541 
0 
219.604 
0 
0 
0 
Brickwall1A 
146.5436 
0 
221.1207 
0 
0 
0 
Tree_conf1 
118.8404 
0 
272.8743 
0 
293.4888 
0 
House8 
273.3431 
0 
265.5596 
0 
270 
0 
Brickwall1A 
230.924 
0 
184.2561 
0 
90.00001 
0 
Hydrant 
282.3703 
0.3660178 
299.0949 
0 
90.00001 
0 
Fence1 
208.0277 
0 
263.9741 
0 
270 
0 
Fence1 
208.0277 
0 
260.9741 
0 
270 
0 
Fence1 
208.0277 
0 
257.9741 
0 
270 
0 
Tree2 
186.331 
0 
126.936 
0 
15.80286 
0 
Fence1 
256.0989 
0 
221.3273 
0 
0 
0 
Brickwall1B 
170.0967 
0 
199.9378 
0 
0 
0 
Tree4 
398.1502 
0 
189.7099 
0 
119.1097 
0 
Brickwall1B 
298.9962 
0 
234.8267 
0 
0 
0 
Tree4 
351.6672 
0 
169.3421 
0 
178.2893 
0 
Barrel2 
297.2454 
0 
237.3232 
0 
67.94541 
0 
Brickwall1A 
229.532 
0 
292.2875 
0 
90.00001 
0 
Hydrant 
134.8914 
0.3660178 
252.7082 
0 
90.00001 
0 
Tree1 
139.5496 
0 
204.5657 
0 
234.7718 
0 
Brickwall1A 
269.2323 
0 
228.5652 
0 
0 
0 
Tree_conf1 
162.0381 
0 
356.2562 
0 
117.0708 
0 
Tree_conf2 
195.5984 
0 
230.407 
0 
0 
0 
Hydrant 
169.0792 
0.3660178 
245.0136 
0 
90.00001 
0 
House1 
272.4524 
0 
166.7349 
0 
90.00001 
0 
Trash2 
255.8763 
0 
278.9795 
0 
276.9242 
0 
Barrel2 
232.9071 
0 
321.9606 
0 
233.7723 
0 
Tree1 
351.8633 
0 
303.4428 
0 
293.6332 
0 
Tree_conf2 
132.785 
0 
318.0521 
0 
82.93935 
0 
Pallet 
311.8404 
0 
301.0139 
0 
321.3894 
0 
House5 
242.8637 
0 
223.0079 
0 
90.00001 
0 
Tree_conf1 
258.4138 
0 
110.6351 
0 
38.57713 
0 
Tree_conf1 
144.9517 
0 
292.9141 
0 
0 
0 
Tree2 
242.5814 
0 
264.7763 
0 
189.5845 
0 
Tree1 
346.6386 
0 
214.5389 
0 
78.39867 
0 
Tree1 
174.559 
0 
314.5457 
0 
284.6344 
0 
Tree_conf1 
143.8418 
0 
214.4247 
0 
301.1386 
0 
Powerpole1_cable 
212 
0 
240 
0 
0 
0 
Hydrant 
233.2456 
0.3660178 
288.7679 
0 
90.00001 
0 
Tree_conf2 
242.2565 
0 
358.1419 
0 
117.0708 
0 
Tree_conf2 
121.9831 
0 
273.4849 
0 
293.4888 
0 
Tree_conf2 
378.7314 
0 
230.5437 
0 
168.9663 
0 
Powrbox1 
252.3339 
0 
234.2067 
0 
0 
0 
Fence1 
255.9969 
0 
236.3082 
0 
270 
0 
Box2 
291.6362 
0 
233.3849 
0 
40.66442 
0 
Tree_conf2 
179.7514 
0 
310.3886 
0 
0 
0 
House2 
326.2354 
0 
203.4891 
0 
180 
0 
Brickwall1B 
304.8496 
0 
352.8105 
0 
0 
0 
Tree4 
145.1234 
0 
297.4835 
0 
53.18108 
0 
Tree_conf1 
165.3437 
0 
203.7181 
0 
359.4153 
0 
Brickwall1A 
183.5875 
0 
146.0421 
0 
90.00001 
0 
Tree_conf2 
357.8604 
0 
280.6945 
0 
117.0708 
0 
Bench1 
165.7908 
0 
299.7499 
0 
0 
0 
Fence1 
253.0989 
0 
221.3273 
0 
0 
0 
Fence1 
250.0989 
0 
221.3273 
0 
0 
0 
Metal_Fance1 
311.098 
0 
306.9784 
0 
0 
0 
Tree_conf1 
319.4637 
0 
188.7997 
0 
0 
0 
Brickwall1A 
261.6604 
0 
335.6509 
0 
90.00001 
0 
Metal_Fence2 
306.098 
0 
306.9784 
0 
3 
0 
Metal_Fance1 
301.098 
0 
306.9784 
0 
0 
0 
Metal_Fence2 
296.098 
0 
306.9784 
0 
357.5 
0 
Brickwall1B 
344.1212 
0 
254.6854 
0 
0 
0 
Brickwall1A 
146.5436 
0 
211.7561 
0 
0 
0 
Trash1 
296.3752 
0 
292.4398 
0 
0 
0 
House4 
172.1674 
0 
294.6825 
0 
180 
0 
Tree_conf1 
177.6366 
0 
312.723 
0 
0 
0 
Fence1 
195.9259 
0 
282.5888 
0 
90.00001 
0 
Brickwall1A 
139.4777 
0 
242.2338 
0 
90.00001 
0 
Brickwall1B 
347.7669 
0 
278.8312 
0 
0 
0 
Tree3 
109.3338 
0 
275.8436 
0 
119.2428 
0 
Tree2_big 
370.5012 
0 
209.3918 
0 
199.3055 
0 
Tree_conf2 
118.154 
0 
171.0564 
0.6999718 
45.71579 
2.668242E-08 
Tree3 
301.8614 
0 
158.6201 
0 
87.99455 
0 
Fence1 
195.9259 
0 
285.5888 
0 
90.00001 
0 
Fence1 
195.9259 
0 
288.5888 
0 
90.00001 
0 
Shed1A 
301.1053 
3.461368 
266.987 
0 
0 
0 
Tree_conf1 
344.5269 
0 
153.9399 
0 
332.2667 
0 
Tree4 
301.117 
0 
149.5547 
0 
53.43506 
0 
Brickwall1A 
283.675 
0 
352.8105 
0 
90.00001 
0 
Bench1 
237.6204 
0 
157.16 
0 
90.00001 
0 
Container1 
168.0038 
0 
227.3035 
0 
0 
0 
Hydrant 
290.8314 
0.3660178 
209.1874 
0 
90.00001 
0 
Tire 
307.8105 
0 
284.8314 
0 
0 
0 
House4 
166.1823 
0 
266.353 
0 
90.00001 
0 
Brickwall1B 
146.3498 
0 
341.9939 
0 
0 
0 
House15 
277.4178 
0 
221.9027 
0 
0 
0 
Brickwall1A 
347.4475 
0 
263.3174 
0 
0 
0 
Tree_conf2 
334.9072 
0 
211.7207 
0 
0 
0 
Brickwall1B 
349.8318 
0 
230.7202 
0 
0 
0 
Tree2 
115.4028 
0 
320.2173 
0 
189.8413 
0 
Brickwall1A 
112.022 
0 
235.2428 
0 
0 
0 
Tree2 
209.9926 
0 
346.1879 
0 
157.6035 
0 
Tree_conf1 
331.2443 
0 
352.1858 
0 
264.896 
0 
Hydrant 
318.3712 
0.3660178 
291.8517 
0 
90.00001 
0 
Tree_conf2 
299.3853 
0 
366.9247 
0 
82.93935 
0 
Brickwall1A 
345.0817 
0 
223.6776 
0 
0 
0 
Gas_Station 
287.3432 
0 
325.6874 
0 
270 
0 
Tree_conf1 
297.9406 
0 
114.3935 
0 
38.57713 
0 
Container1 
299.0586 
0 
300.3492 
0 
356.3276 
0 
Hydrant 
242.5612 
0.3660178 
281.2469 
0 
90.00001 
0 
Brickwall1B 
256.8016 
0 
328.6811 
0 
0 
0 
Brickwall1B 
132.4237 
0 
242.2337 
0 
0 
0 
Tree1 
340.6764 
0 
158.0694 
0 
265.9 
0 
Tree1_big 
296.0598 
0 
362.6074 
0 
161.58 
0 
Powrbox2 
252.8548 
0 
150.7118 
0 
90.00001 
0 
Brickwall1A 
234.2821 
0 
292.2875 
0 
90.00001 
0 
Brickwall1B 
259.2731 
0 
335.6509 
0 
0 
0 
Tree_conf2 
130.9623 
0 
209.7854 
0 
301.1386 
0 
Mailbox 
159.9645 
0 
291.2553 
0 
90.00001 
0 
Tree_conf1 
181.1087 
0 
304.2885 
0 
72.30106 
0 
Grill 
300.531 
0 
186.0943 
0 
271.5463 
0 
Fence1 
211.158 
0 
242.9201 
0 
270 
0 
Brickwall1B 
127.757 
0 
232.9264 
0 
0 
0 
Brickwall1A 
293.9035 
0 
264.5642 
0 
0 
0 
Brickwall1A 
112.022 
0 
249.4173 
0 
0 
0 
Tree3 
230.8443 
0 
143.8638 
0 
64.86385 
0 
Tree3 
370.0406 
0 
341.6349 
0 
185.1693 
0 
Tree4 
259.7478 
0 
377.8553 
0 
181.7533 
0 
Fence1 
211.158 
0 
239.9201 
0 
270 
0 
Fence1 
211.158 
0 
236.9201 
0 
270 
0 
Fence1 
211.158 
0 
233.9201 
0 
270 
0 
Fence1 
193.1655 
0 
255.7367 
0 
0 
0 
Fence1 
190.1655 
0 
255.7367 
0 
0 
0 
Tree2 
261.0182 
0 
393.3775 
0 
182.1918 
0 
House2 
221.6714 
0 
223.5363 
0 
0 
0 
Pallet 
228.3884 
0 
312.2163 
0 
45.35118 
0 
Tree_conf2 
118.154 
0 
198.3185 
0.6999718 
45.71579 
2.668242E-08 
Tree3 
221.9033 
0 
132.3475 
0 
8.240191 
0 
Tree1 
102.9536 
0 
288.8765 
0 
293.2344 
0 
Hydrant 
276.6555 
0.3660178 
269.1573 
0 
90.00001 
0 
Brickwall1B 
364.0384 
0 
262.7154 
0 
0 
0 
Brickwall1A 
146.2926 
0 
178.6522 
0 
0 
0 
Fence1 
187.1655 
0 
255.7367 
0 
0 
0 
Fence1 
184.1655 
0 
255.7367 
0 
0 
0 
Fence1 
247.2109 
0 
155.5921 
0 
0 
0 
Fence1 
244.2109 
0 
155.5921 
0 
0 
0 
Fence1 
279.9932 
0 
173.4203 
0 
90.00001 
0 
Fence1 
279.9932 
0 
176.4203 
0 
90.00001 
0 
Brickwall1B 
298.0541 
0 
224.2812 
0 
0 
0 
Hydrant 
296.2438 
0.3660178 
276.4572 
0 
90.00001 
0 
Tree4 
128.5433 
0 
150.3332 
0 
92.33311 
0 
Tree2_big 
287.228 
0 
163.9392 
0 
262.6116 
0 
Fence1 
279.9932 
0 
179.4203 
0 
90.00001 
0 
Fence1 
279.9932 
0 
182.4203 
0 
90.00001 
0 
Fence1 
247.022 
0 
236.2763 
0 
180 
0 
Fence1 
250.022 
0 
236.2763 
0 
180 
0 
Shrooms 
142.9608 
0 
225.7234 
0 
0 
0 
Tree4 
203.5856 
0 
117.356 
0 
189.9935 
0 
Brickwall1B 
328.3835 
0 
325.0271 
0 
0 
0 
Brickwall1B 
170.0967 
0 
185.8222 
0 
0 
0 
Tree_conf1 
236.6217 
0 
359.0155 
0 
74.66602 
0 
Barrel3 
231.5226 
0.6317725 
322.74 
72.53039 
131.3062 
89.9999 
Tree_conf1 
158.9292 
0 
107.7197 
0 
8.240191 
0 
Tree4 
361.1392 
0 
343.5057 
0 
150.6098 
0 
Fence1 
253.022 
0 
236.2763 
0 
180 
0 
Fence1 
279.9929 
0 
185.3739 
0 
0 
0 
Fence1 
276.9929 
0 
185.3739 
0 
0 
0 
Powrbox2 
284.5884 
-0.04641294 
239.1892 
0 
0 
0 
Barrel1 
242.842 
0 
312.9119 
0 
0 
0 
Fence1 
273.9929 
0 
185.3739 
0 
0 
0 
Fence1 
270.9929 
0 
185.3739 
0 
0 
0 
Tree1 
209.3159 
0 
206.0816 
0 
25.78086 
0 
Brickwall1B 
127.6737 
0 
242.2337 
0 
0 
0 
Tree3 
350.2149 
0 
370.834 
0 
249.6193 
0 
House14 
282.3981 
0 
222.0099 
0 
0 
0 
Pack 
312.1232 
0.3825927 
301.1074 
0 
276.0382 
0 
Brickwall1A 
264.7976 
0 
352.8105 
0 
90.00001 
0 
Tree_conf1 
191.5194 
0 
368.8677 
0 
0 
0 
Brickwall1B 
170.0967 
0 
190.503 
0 
0 
0 
Tree3 
334.4247 
0 
355.4795 
0 
90.65001 
0 
Gas_bottle 
297.5711 
0 
264.9058 
0 
0 
0 
Trash2 
267.9218 
0 
194.9107 
0 
305.9383 
0 
Brickwall1A 
364.0384 
0 
260.3843 
0 
0 
0 
Brickwall1B 
116.8115 
0 
256.4385 
0 
0 
0 
Powrbox1 
181.258 
0 
171.4749 
0 
0 
0 
Barrel2 
172.1284 
0 
167.5008 
0 
238.1835 
0 
Tree_conf1 
94.18713 
0 
246.3403 
0 
168.9663 
0 
Brickwall1A 
146.5436 
0 
235.2428 
0 
0 
0 
Brickwall1A 
226.0923 
0 
146.0421 
0 
90.00001 
0 
Powrbox2 
204.1678 
0 
166.4178 
0 
270 
0 
Tree3 
165.0339 
0 
334.3642 
0 
137.917 
0 
Air_conditioner 
301.0201 
3.040166 
284.4705 
0 
0 
0 
Tree_conf1 
131.5643 
0 
190.3021 
0 
45.71577 
0 
Gas_Tank 
171.873 
0 
164.9485 
0 
0 
0 
Hydrant 
183.834 
0.3660178 
348.5065 
0 
90.00001 
0 
Tree1_big 
374.0498 
0 
265.0457 
0 
67.86058 
0 
Tree_conf2 
146.5036 
0 
263.9542 
0 
0 
0 
Barrel2 
304.7456 
0 
323.8683 
0 
0 
0 
Box1 
295.5287 
0 
320.6796 
0 
27.5159 
0 
Tree_conf2 
395.1579 
0 
198.3928 
0.6999719 
297.3564 
-5.336483E-08 
Brickwall1B 
146.5371 
0 
237.6102 
0 
0 
0 
Air_conditioner 
208.9079 
3.044927 
163.419 
0 
0 
0 
Trash1 
278.6609 
0 
172.8424 
0 
270 
0 
Powerpole1_cable 
298 
0 
230 
0 
270 
0 
Brickwall1B 
271.8269 
0 
352.8105 
0 
0 
0 
Pallet 
302.1916 
0 
259.5576 
0 
28.9994 
0 
Powerpole_cable50M 
240 
0 
110 
0 
0 
0 
House6 
249.8437 
0 
148.5106 
0 
0 
0 
Tree1_big 
166.6441 
0 
362.3883 
0 
195.7115 
0 
Tree_conf1 
193.9277 
0 
136.9003 
0 
301.1386 
0 
Brickwall1B 
127.757 
0 
228.1754 
0 
0 
0 
Air_conditioner 
286.0338 
6.571287 
238.6421 
0 
0 
0 
Brickwall1B 
228.8225 
0 
205.2375 
0 
0 
0 
Fence1 
216.8607 
0 
225.5268 
0 
90.00001 
0 
Fence1 
219.9741 
0 
279.0254 
0 
0 
0 
Fence1 
216.9741 
0 
279.0254 
0 
0 
0 
Brickwall1A 
364.0384 
0 
232.96 
0 
0 
0 
Tree1 
376.8347 
0 
240.4122 
0 
102.5995 
0 
Tree_conf1 
130.3024 
0 
217.8571 
0 
301.1386 
0 
Tree_conf1 
371.9731 
0 
335.2347 
0 
359.4153 
0 
Powerpole1_cable 
207.7759 
0 
299.7973 
0 
0 
0 
Tree1_big 
136.2457 
0 
211.1216 
0 
19.77929 
0 
Barrel1 
309.1669 
0 
292.5686 
0 
0 
0 
Brickwall1B 
345.0817 
0 
226.018 
0 
0 
0 
Road_Barrier 
266.3307 
0.3166733 
257.7812 
0 
82.31482 
0 
Tree2 
376.7581 
0 
292.9171 
0 
82.66653 
0 
Tree3 
241.8027 
0 
369.1081 
0 
117.0708 
0 
Tree3 
334.8089 
0 
202.3212 
0 
0 
0 
Brickwall1A 
211.9076 
0 
146.0421 
0 
90.00001 
0 
Brickwall1A 
295.7255 
0 
219.5927 
0 
90.00001 
0 
Tree_conf1 
182.9548 
0 
137.8458 
0 
301.1386 
0 
Fence1 
213.9741 
0 
279.0254 
0 
0 
0 
Fence1 
210.9741 
0 
279.0254 
0 
0 
0 
Evac1A 
303.8213 
1.958423 
257.6309 
0 
270 
0 
Evac1A 
303.8213 
4.38847 
257.6309 
0 
270 
0 
Tire 
283.741 
0 
229.6336 
0 
0 
0 
Tree3 
155.673 
0 
369.1081 
0 
117.0708 
0 
Powrbox2 
338.1128 
0 
266.4702 
0 
0 
0 
Brickwall1B 
241.3293 
0 
292.2875 
0 
0 
0 
Tree4 
137.3143 
0 
356.009 
0 
154.8069 
0 
Tree_conf1 
197.7155 
0 
366.562 
0 
0 
0 
Garage3 
270.5125 
0 
319.6816 
0 
0 
0 
Tree2_big 
370.8597 
0 
239.8197 
0 
67.13315 
0 
Brickwall1B 
328.3835 
0 
343.5236 
0 
0 
0 
Tree_conf2 
171.5295 
0 
387.9006 
0 
0 
0 
Tire 
303.3716 
0.7233057 
297.5926 
0 
92.51921 
0 
Fence1_pole 
211.1887 
0 
230.9095 
0 
0 
0 
Barrel2 
228.7291 
0 
189.0683 
0 
0 
0 
Tree4 
103.5715 
0 
302.1694 
0 
150.7957 
0 
Tree4 
378.6806 
0 
227.2335 
0 
320.1608 
0 
Brickwall1B 
218.9369 
0 
146.0421 
0 
0 
0 
Air_conditioner 
292.4043 
4.480774 
323.9507 
0 
0 
0 
Brickwall1A 
146.2926 
0 
169.2876 
0 
0 
0 
Tree1_big 
210.5569 
0 
341.3201 
0 
161.58 
0 
Evac1A 
303.8213 
6.80879 
257.6309 
0 
270 
0 
Evac1B 
303.272 
1.986467 
258.4369 
0 
270 
0 
Evac1B 
303.272 
4.411275 
258.4369 
0 
270 
0 
Trash1 
219.0324 
0 
241.5159 
0 
0 
0 
Fence1 
256.0707 
0 
270.2283 
0 
90.00001 
0 
Fence1 
256.0707 
0 
273.2283 
0 
90.00001 
0 
BusStop 
249.5835 
0 
293.4335 
0 
180 
0 
Brickwall1A 
240.3519 
0 
184.2561 
0 
90.00001 
0 
Tree_conf2 
222.7429 
0 
349.1172 
0 
74.66602 
0 
Trash2 
247.0128 
0 
242.6577 
0 
252.2854 
0 
Metal_Fance1 
270.5327 
0 
281.1281 
0 
180 
0 
Metal_Fence2 
275.5327 
0 
281.1281 
0 
180 
0 
Grill 
214.253 
0 
227.958 
0 
0 
0 
Powerpole1_cable 
212 
0 
140 
0 
0 
0 
Barrel3 
339.6123 
0 
252.9656 
0 
0 
0 
Road_Barrier 
312.8345 
0 
279.4731 
0 
11.25661 
0 
Barrel1 
260.5723 
0 
316.931 
0 
0 
0 
Tree2 
340.9986 
0 
378.1079 
0 
138.5295 
0 
Brickwall1A 
344.1469 
0 
252.334 
0 
0 
0 
Fence1 
160.1308 
0 
258.8813 
0 
90.00001 
0 
Tree_conf1 
224.8084 
0 
351.5627 
0 
74.66602 
0 
Powerpole_cable50M 
240 
0 
150 
0 
0 
0 
Box2 
261.9192 
0 
321.1219 
0 
148.6505 
0 
Brickwall1A 
274.2143 
0 
352.8105 
0 
90.00001 
0 
Pallet 
343.7898 
0 
257.0333 
0 
52.09465 
0 
Brickwall1A 
364.0384 
0 
255.8354 
0 
0 
0 
Brickwall1A 
235.6348 
0 
184.2561 
0 
90.00001 
0 
Tree_conf1 
289.258 
0 
182.1272 
0 
0 
0 
Brickwall1A 
127.7634 
0 
230.5589 
0 
0 
0 
Trash2 
232.227 
0 
242.0851 
0 
252.2854 
0 
Brickwall1A 
114.4488 
0 
256.4385 
0 
90.00001 
0 
Brickwall1A 
123.8655 
0 
256.4385 
0 
90.00001 
0 
Powerpole1_cable 
212 
0 
270 
0 
352.1483 
0 
Tree4 
160.191 
0 
125.8213 
0 
92.33311 
0 
Shrooms 
164.859 
0 
328.1773 
0 
0 
0 
Brickwall1B 
200.0768 
0 
146.0421 
0 
0 
0 
Tree_conf1 
352.0018 
0 
375.0501 
0 
63.86535 
0 
Tree_conf1 
159.3013 
0 
358.5548 
0 
117.0708 
0 
Tree4 
203.3508 
0 
355.7804 
0 
107.0279 
0 
Air_conditioner 
179.1396 
3.362242 
228.462 
0 
0 
0 
Mailbox 
255.0412 
-0.1100836 
275.1595 
0 
180 
0 
Tree1 
179.8281 
0 
276.7927 
0 
313.7729 
0 
House12 
337.1946 
0 
248.3473 
0 
90.00001 
0 
Bush1 
191.8009 
0 
230.081 
0 
168.5023 
0 
Barrel1 
184.8237 
0 
177.7891 
0 
0 
0 
Tree_conf1 
206.6301 
0 
334.0269 
0 
82.93935 
0 
Tree_conf1 
131.5643 
0 
163.04 
0 
45.71577 
0 
Brickwall1B 
364.0384 
0 
276.4862 
0 
0 
0 
Tree_conf2 
285.137 
0 
186.5114 
0 
0 
0 
Tree_conf2 
230.3148 
0 
364.0961 
0 
74.66602 
0 
Barrel2 
306.2794 
0 
293.9028 
0 
82.04214 
0 
Trash1 
161.586 
0 
225.3137 
0 
8.835859 
0 
Tree1_big 
188.8981 
0 
131.1103 
0 
19.77929 
0 
Mailbox 
295.6425 
0 
201.4015 
0 
180 
0 
Tree1_big 
343.1223 
0 
373.6915 
0 
142.506 
0 
BusStop 
298.2348 
0 
204.2635 
0 
0 
0 
Tree1 
360.5644 
0 
330.2108 
0 
293.0485 
0 
Tree4 
94.61824 
0 
332.4163 
0 
107.0279 
0 
Brickwall1B 
170.1259 
0 
204.6474 
0 
0 
0 
Bench1 
168.1268 
0 
269.3144 
0 
90.00001 
0 
Umbrella1A 
215.1788 
0 
275.3903 
0 
0 
0 
Pipe1A 
231 
0 
296 
0 
0 
0 
Pipe1A 
255 
0 
302 
0 
0 
0 
Tree_conf2 
208.8641 
0 
232.433 
0 
0 
0 
House14 
278.3684 
0 
258.6327 
0 
0 
0 
Trash2 
223.213 
0 
277.8557 
0 
52.92791 
0 
Brickwall1B 
146.3498 
0 
351.4644 
0 
0 
0 
Tree_conf2 
379.0203 
0 
246.3763 
0 
168.9663 
0 
Pipe1A 
273 
0 
290 
0 
0 
0 
Pipe1A 
237 
0 
296 
0 
0 
0 
Pipe1A 
264 
0 
293 
0 
90.00001 
0 
Pipe1A 
249 
0 
302 
0 
0 
0 
Pipe1A 
261 
0 
302 
0 
0 
0 
Pipe1B 
264 
0 
299 
0 
90.00001 
0 
Pipe1B 
243 
0 
302 
0 
0 
0 
Pipe1C 
273 
0 
290 
0 
0 
0 
Pipe1D 
225 
0 
296 
0 
0 
0 
Pipe1E 
240 
0 
299 
0 
270 
0 
Pipe1E 
267 
0 
290 
0 
0 
0 
Fence1 
232.4365 
0 
266.9386 
0 
180 
0 
Fence1 
235.4365 
0 
266.9386 
0 
180 
0 
Box2 
236.3023 
0 
319.4499 
0 
0 
0 
Fence1 
238.4365 
0 
266.9386 
0 
180 
0 
Fence1 
241.4365 
0 
266.9386 
0 
180 
0 
Evac1A 
271.2856 
3.521886 
258.7069 
0 
270 
0 
Evac1A 
271.2856 
5.951933 
258.7069 
0 
270 
0 
Trash2 
218.6736 
0 
255.7977 
0 
0 
0 
Umbrella1A 
234.5594 
0 
269.3831 
0 
0 
0 
Hydrant 
180.1048 
0.3660178 
341.1916 
0 
90.00001 
0 
Brickwall1B 
146.2862 
0 
180.9642 
0 
0 
0 
Gas_bottle 
230.4272 
0 
199.626 
0 
0 
0 
Trash2 
246.0964 
0 
292.1935 
0 
333.4433 
0 
Powerpole1_cable 
193 
0 
279 
0 
90.00001 
0 
Bush1 
179.3863 
0 
278.1848 
0 
168.5023 
0 
Hydrant 
175.1718 
0.3660178 
216.9708 
0 
90.00001 
0 
Tree3 
329.7036 
0 
362.5379 
0 
264.896 
0 
Tree3 
374.0916 
0 
203.6406 
0 
301.1386 
0 
Tree_conf2 
195.2969 
0 
350.0366 
0 
0 
0 
Evac1A 
271.2856 
8.372253 
258.7069 
0 
270 
0 
Evac1B 
270.7364 
3.54993 
259.5129 
0 
270 
0 
Evac1B 
270.7364 
5.974739 
259.5129 
0 
270 
0 
Fence1 
256.2416 
0 
167.4574 
0 
270 
0 
Fence1 
256.2416 
0 
164.4574 
0 
270 
0 
Tree_conf1 
321.0127 
0 
369.5383 
0 
264.896 
0 
Tree_conf1 
261.5479 
0 
331.9272 
0 
318.9493 
0 
Tree1 
288.6904 
0 
170.0552 
0 
293.6332 
0 
Gas_Tank 
276.5542 
0 
322.1716 
0 
0 
0 
Mailbox 
231.0798 
-0.1100836 
273.1592 
0 
180 
0 
Fence1 
256.2416 
0 
161.4574 
0 
270 
0 
Fence1 
256.2416 
0 
158.4574 
0 
270 
0 
Fence1 
293.0749 
0 
183.353 
0 
180 
0 
Fence1 
296.0749 
0 
183.353 
0 
180 
0 
Tree_conf1 
326.0433 
0 
187.8069 
0 
0 
0 
Tree_conf1 
198.5135 
0 
356.8173 
0 
0 
0 
Fence1 
299.0749 
0 
183.353 
0 
180 
0 
Fence1 
302.0749 
0 
183.353 
0 
180 
0 
Powrbox2 
170.7886 
0 
299.1447 
0 
0 
0 
Fence1 
268.0503 
0 
173.4186 
0 
270 
0 
Fence1 
268.0503 
0 
170.4186 
0 
270 
0 
Tree3 
146.0548 
0 
356.1015 
0 
189.3665 
0 
Pallet 
265.069 
0 
320.1153 
0 
0 
0 
Brickwall1B 
364.0384 
0 
258.1444 
0 
0 
0 
Brickwall1B 
163.042 
0 
206.9957 
0 
0 
0 
Tree_conf1 
209.6984 
0 
265.3368 
0 
0 
0 
Tree_conf1 
121.9966 
0 
158.5824 
0 
45.71577 
0 
Fence1_pole 
244.4506 
0 
257.9698 
0 
0 
0 
Powrbox1 
276.2736 
0 
169.8521 
0 
0 
0 
Shrooms 
220.3022 
0 
139.177 
0 
85.78027 
0 
Brickwall1B 
122.6093 
0 
280.6116 
0 
0 
0 
Tree1_big 
162.7396 
0 
197.5541 
0 
78.05596 
0 
Trash2 
310.4604 
0 
266.6931 
0 
0 
0 
Bench1 
164.9412 
0 
263.7458 
0 
90.00001 
0 
Tree2 
384.9478 
0 
197.9711 
0 
119.5482 
0 
House16 
330.7271 
0 
251.4951 
0 
90.00001 
0 
Tree1 
333.2545 
0 
333.897 
0 
14.72909 
0 
Brickwall1B 
344.1212 
0 
245.3986 
0 
0 
0 
Pallet 
226.8407 
0 
262.651 
0 
0 
0 
Fence1 
262.0915 
0 
173.4296 
0 
180 
0 
Trash1 
274.5696 
0 
263.0062 
0 
180 
0 
Air_conditioner 
253.0085 
7.777396 
206.9419 
0 
0 
0 
Brickwall1B 
242.7624 
0 
184.2673 
0 
0 
0 
Trash1 
203.4294 
0 
169.0728 
0 
266.8251 
0 
Tree_conf1 
142.6833 
0 
239.1182 
0 
0 
0 
Tree2_big 
180.5921 
0 
392.7764 
0 
15.23766 
0 
Hydrant 
306.5383 
0.3660178 
341.2633 
0 
90.00001 
0 
Tree2 
135.1667 
0 
349.0986 
0 
78.27673 
0 
Brickwall1B 
227.1446 
0 
292.2875 
0 
0 
0 
Mailbox 
222.3126 
-0.1100836 
243.4357 
0 
180 
0 
House13 
301.5262 
0 
239.9767 
0 
90.00001 
0 
Barrel3 
306.9022 
0.6712615 
295.1414 
90 
29.60997 
0 
Hydrant 
126.2232 
0.3660178 
295.7927 
0 
90.00001 
0 
Fence1 
268.0503 
0 
167.4186 
0 
270 
0 
Fence1 
268.0503 
0 
164.4186 
0 
270 
0 
Fence1 
178.0719 
0 
285.5533 
0 
270 
0 
Fence1 
178.0719 
0 
282.5533 
0 
270 
0 
Tree3 
156.9606 
0 
298.9991 
0 
0 
0 
Brickwall1B 
146.5371 
0 
214.0533 
0 
0 
0 
Mailbox 
232.2885 
0 
162.2063 
0 
180 
0 
Fence1 
178.0719 
0 
279.5533 
0 
270 
0 
Fence1 
178.0719 
0 
276.5533 
0 
270 
0 
Fence1 
268.0575 
0 
155.5137 
0 
90.00001 
0 
Fence1 
268.0575 
0 
158.5137 
0 
90.00001 
0 
Brickwall1B 
146.5371 
0 
218.8043 
0 
0 
0 
Trash2 
194.5048 
0 
276.3128 
0 
0 
0 
Air_conditioner 
221.6146 
2.664194 
200.9272 
0 
0 
0 
Barrel1 
307.795 
0 
292.6361 
0 
87.16832 
0 
Shed2B 
306.2737 
3.598863 
266.9314 
0 
0 
0 
Pallet 
308.3138 
0 
287.1456 
0 
0 
0 
Brickwall1B 
140.2457 
0 
256.4385 
0 
0 
0 
Shrooms 
152.7722 
0 
301.1104 
0 
0 
0 
Barrel2 
160.3756 
0 
165.8865 
0 
0 
0 
Road_Barrier 
266.3307 
0.3166733 
259.5823 
0 
90.00001 
0 
Powrbox1 
229.4124 
0 
185.6427 
0 
90.00001 
0 
Brickwall1A 
328.3835 
0 
341.1537 
0 
0 
0 
Evac1A 
228.2283 
2.879738 
198.4093 
0 
90.00001 
0 
Evac1A 
228.2283 
5.309785 
198.4093 
0 
90.00001 
0 
Pallet 
177.0923 
0 
221.924 
0 
79.78078 
0 
Gas_bottle 
162.4128 
0 
165.417 
0 
0 
0 
Tree2 
138.5437 
0 
332.3361 
0 
157.6035 
0 
Tree_conf2 
214.5052 
0 
363.1968 
0 
74.66602 
0 
Tire 
278.6187 
0 
262.5532 
0 
0 
0 
Tree2 
270.8846 
0 
297.8684 
0 
33.61349 
0 
Evac1A 
228.2283 
7.730105 
198.4093 
0 
90.00001 
0 
Evac1B 
228.7775 
2.907782 
197.6033 
0 
90.00001 
0 
Evac1B 
228.7775 
5.332591 
197.6033 
0 
90.00001 
0 
Tree1 
350.1866 
0 
222.8929 
0 
293.6332 
0 
Tree2_big 
98.40063 
0 
249.1858 
0 
67.13315 
0 
Fence1 
181.1378 
0 
267.6925 
0 
180 
0 
Fence1 
184.1378 
0 
267.6925 
0 
180 
0 
Fence1 
187.1378 
0 
267.6925 
0 
180 
0 
Fence1 
190.1378 
0 
267.6925 
0 
180 
0 
Brickwall1B 
207.8973 
0 
191.3527 
0 
0 
0 
Pipe1A 
128.8789 
0 
223.0031 
0 
0 
0 
Pipe1A 
122.8789 
0 
223.0031 
0 
0 
0 
House6 
241.0798 
0 
273.6985 
0 
90.00001 
0 
Tree2_big 
121.5786 
0 
341.8542 
0 
261.7794 
0 
Tree_conf2 
283.6108 
0 
368.3096 
0 
82.93935 
0 
Tree_conf1 
135.358 
0 
391.4301 
0 
285.2746 
0 
Pipe1A 
131.8789 
0 
232.0031 
0 
270 
0 
Pipe1A 
116.8789 
0 
223.0031 
0 
0 
0 
Pipe1C 
131.8789 
0 
232.0031 
0 
270 
0 
Pipe1D 
110.8789 
0 
223.0031 
0 
0 
0 
Pipe1E 
131.8789 
0 
226.0031 
0 
270 
0 
Fence1 
268.038 
0 
161.4491 
0 
180 
0 
Fence1 
271.038 
0 
161.4491 
0 
180 
0 
House15 
307.1895 
0 
240.9491 
0 
0 
0 
Brickwall1B 
323.7091 
0 
352.8105 
0 
0 
0 
Tree_conf1 
369.5424 
0 
171.1145 
0 
356.536 
0 
Tree2 
340.4171 
0 
345.383 
0 
339.5602 
0 
Brickwall1A 
142.633 
0 
256.4385 
0 
90.00001 
0 
Bench1 
169.6804 
0 
295.8928 
0 
0 
0 
Trash2 
214.2771 
0 
188.5022 
0 
44.93553 
0 
Bench1 
216.9621 
0 
269.7173 
0 
90.00001 
0 
Brickwall1A 
137.865 
0 
256.4385 
0 
90.00001 
0 
Tire 
303.3694 
0.3864791 
297.5415 
0 
92.51921 
0 
House9 
312.7776 
0 
223.9321 
0 
0 
0 
Fence1 
274.038 
0 
161.4491 
0 
180 
0 
Fence1 
277.038 
0 
161.4491 
0 
180 
0 
Fence1 
256.2173 
0 
155.5365 
0 
180 
0 
Fence1 
259.2173 
0 
155.5365 
0 
180 
0 
Tree3 
138.2578 
0 
336.0122 
0 
3.612518 
0 
Brickwall1A 
155.9946 
0 
183.488 
0 
90.00001 
0 
Air_conditioner 
301.0201 
3.040166 
287.3802 
0 
0 
0 
Brickwall1A 
297.7664 
0 
352.8105 
0 
90.00001 
0 
Powerpole1 
207.7759 
0 
390 
0 
0 
0 
Fence1 
262.2173 
0 
155.5365 
0 
180 
0 
Fence1 
265.2173 
0 
155.5365 
0 
180 
0 
Fence1 
160.1161 
0 
279.584 
0 
270 
0 
Air_conditioner 
283.8271 
3.200318 
200.0709 
0 
0 
0 
Fence1 
160.1161 
0 
276.584 
0 
270 
0 
Fence1 
256.0707 
0 
276.1656 
0 
0 
0 
Fence1 
253.0707 
0 
276.1656 
0 
0 
0 
Tree4 
108.9704 
0 
170.9513 
0 
227.469 
0 
Tree3 
190.7155 
0 
375.7962 
0 
285.2746 
0 
Fence1 
136.1898 
0 
291.0064 
0 
180 
0 
Fence1 
139.1898 
0 
291.0064 
0 
180 
0 
Tree_conf1 
345.2739 
0 
366.3301 
0 
63.86535 
0 
Brickwall1A 
146.5436 
0 
239.9971 
0 
0 
0 
Tree3 
105.9117 
0 
282.2878 
0 
359.6013 
0 
Powrbox1 
299.3329 
0 
225.4472 
0 
0 
0 
Tree_conf2 
210.8099 
0 
123.0269 
0.6999718 
8.240215 
1.667651E-08 
Container2 
164.5462 
0 
167.7225 
0 
90.49896 
0 
Tree_conf1 
373.1924 
0 
224.6356 
0 
168.9663 
0 
Brickwall1B 
344.1212 
0 
250.0267 
0 
0 
0 
Tree2 
302.8605 
0 
387.5776 
0 
124.7408 
0 
Tree_conf1 
108.8821 
0 
309.5179 
0 
115.1771 
0 
Tree_conf2 
351.8904 
0 
313.4919 
0 
0 
0 
Fence1 
243.99 
0 
234.3404 
0 
90.00001 
0 
Tree_conf2 
334.5669 
0 
194.2913 
0 
0 
0 
Tree3 
133.8932 
0 
184.7175 
0 
359.4153 
0 
Tree4 
260.6497 
0 
151.083 
0 
261.5274 
0 
Brickwall1A 
142.633 
0 
265.8772 
0 
90.00001 
0 
Brickwall1B 
328.3835 
0 
352.8273 
0 
0 
0 
Bush1 
180.1395 
0 
295.7842 
0 
168.5023 
0 
Fence1 
142.1898 
0 
291.0064 
0 
180 
0 
Fence1 
145.1898 
0 
291.0064 
0 
180 
0 
Billboard1 
219.306 
0 
169.3532 
0 
90.00001 
0 
Tree1 
383.5005 
0 
309.4535 
0 
194.108 
0 
Brickwall1B 
328.3835 
0 
302.2024 
0 
0 
0 
Brickwall1B 
151.0245 
0 
351.4644 
0 
0 
0 
Hydrant 
221.9928 
0.3660178 
216.7728 
0 
90.00001 
0 
Brickwall1A 
296.6677 
0 
234.8154 
0 
90.00001 
0 
Tree2_big 
206.869 
0 
366.3867 
0 
207.8612 
0 
Brickwall1C 
210.3005 
-0.1854486 
184.2051 
0 
90.00001 
0 
Fence1 
243.9018 
0 
237.3689 
0 
0 
0 
Fence1 
240.9018 
0 
237.3689 
0 
0 
0 
Brickwall1B 
255.4976 
0 
297.2153 
0 
0 
0 
Bench1 
163.3647 
0 
299.9708 
0 
0 
0 
Shrooms 
247.6629 
0 
139.177 
0 
85.78027 
0 
Brickwall1A 
350.1543 
0 
278.8313 
0 
90.00001 
0 
Barrel3 
303.9508 
0 
321.7415 
0 
0 
0 
Brickwall1B 
267.1603 
0 
352.8105 
0 
0 
0 
Brickwall1B 
146.5371 
0 
209.3725 
0 
0 
0 
Trash2 
147.7295 
0 
279.7374 
0 
34.61816 
0 
Brickwall1A 
122.6157 
0 
306.6818 
0 
0 
0 
Hydrant 
255.549 
0.3660178 
348.7217 
0 
90.00001 
0 
Tree_conf1 
341.7942 
0 
365.5155 
0 
63.86535 
0 
Tree3 
81.98294 
0 
352.4321 
0 
285.2746 
0 
Powrbox1 
340.6975 
0 
246.0758 
0 
0 
0 
Tree3 
362.1943 
0 
218.6332 
0 
126.8926 
0 
Tree1_big 
139.108 
0 
327.4683 
0 
161.58 
0 
Hydrant 
318.6304 
0.3660178 
260.2757 
0 
90.00001 
0 
Brickwall1B 
145.0623 
0 
261.1551 
0 
0 
0 
Powerpole1_cable 
212 
0 
110 
0 
0 
0 
Tree4 
136.185 
0 
100.2516 
0 
189.9935 
0 
Fence1 
237.9018 
0 
237.3689 
0 
0 
0 
Fence1 
234.9018 
0 
237.3689 
0 
0 
0 
Fence1 
305.091 
0 
183.353 
0 
180 
0 
Fence1 
308.091 
0 
183.353 
0 
180 
0 
Tree_conf1 
154.0482 
0 
98.36082 
0 
8.240191 
0 
Fence1 
311.091 
0 
183.353 
0 
180 
0 
Fence1 
314.091 
0 
183.353 
0 
180 
0 
Brickwall1B 
207.8973 
0 
200.7808 
0 
0 
0 
Tree_conf1 
135.1812 
0 
320.1751 
0 
82.93935 
0 
Hydrant 
305.6729 
0.3660178 
252.7324 
0 
90.00001 
0 
Barrel1 
306.3907 
0 
300.6174 
0 
0 
0 
Brickwall1B 
165.2259 
0 
351.4644 
0 
0 
0 
House4 
242.5083 
0 
163.5246 
0 
270 
0 
House15 
271.1246 
0 
240.9491 
0 
0 
0 
Fence1 
228.8809 
0 
263.9705 
0 
270 
0 
Fence1 
228.8809 
0 
260.9705 
0 
270 
0 
Tree4 
369.5914 
0 
271.3941 
0 
140.4144 
0 
Brickwall1B 
309.5244 
0 
352.8105 
0 
0 
0 
Tree_conf2 
163.6003 
0 
399.5861 
0 
0 
0 
Pack 
226.7173 
0.3919213 
262.7203 
0 
348.9441 
0 
Metal_Fance1 
300 
0 
328 
0 
0 
0 
Bench1 
228.7172 
0 
235.0723 
0 
90.00001 
0 
Tree_conf2 
126.6591 
0 
333.1705 
0 
82.93935 
0 
Fence1 
228.8809 
0 
257.9705 
0 
270 
0 
Pipe1A 
311.512 
0 
329.8199 
0 
270 
0 
Pipe1A 
311.512 
0 
323.8199 
0 
270 
0 
Bush1 
177.8644 
0 
336.2491 
0 
168.5023 
0 
Tree_conf1 
361.2169 
0 
223.1908 
0 
168.9663 
0 
Tree_conf1 
181.7739 
0 
298.1183 
0 
0 
0 
Tree_conf2 
358.3415 
0 
209.7854 
0 
301.1386 
0 
Brickwall1B 
207.8973 
0 
186.6079 
0 
0 
0 
Brickwall1A 
364.0384 
0 
264.9552 
0 
0 
0 
Brickwall1A 
307.237 
0 
352.8105 
0 
90.00001 
0 
Trash1 
273.1738 
0 
229.3188 
0 
180 
0 
Metal_Fance1 
183.6258 
0 
179.0683 
0 
270 
0 
Brickwall1B 
364.0384 
0 
271.8593 
0 
0 
0 
Brickwall1B 
135.4776 
0 
265.8771 
0 
0 
0 
Shed2B 
341.3895 
3.355644 
266.7674 
0 
0 
0 
Tree_conf1 
115.4241 
0 
349.6314 
0 
45.71577 
0 
Tree2_big 
289.5861 
0 
359.7143 
0 
341.1062 
0 
Brickwall1A 
170.1031 
0 
188.2057 
0 
0 
0 
Powerpole_cable50M 
293 
0 
279 
0 
90.00001 
0 
Bush1 
163.291 
0 
316.2415 
0 
168.5023 
0 
BusStop 
193.7224 
0 
273.0673 
0 
90.00001 
0 
Tree2_big 
357.8415 
0 
302.8806 
0 
258.1668 
0 
Brickwall1B 
345.0817 
0 
230.7202 
0 
0 
0 
Mailbox 
261.9474 
0 
172.8486 
0 
180 
0 
Tree_conf1 
98.68248 
0 
349.9135 
0 
285.2746 
0 
Pipe1A 
302.512 
0 
332.8199 
0 
180 
0 
Pipe1A 
311.512 
0 
317.8199 
0 
270 
0 
Pipe1C 
302.512 
0 
332.8199 
0 
180 
0 
Pipe1D 
311.512 
0 
311.8199 
0 
270 
0 
Pipe1E 
308.512 
0 
332.8199 
0 
180 
0 
Fence1 
240.8889 
0 
228.5266 
0 
0 
0 
Fence1 
237.8889 
0 
228.5266 
0 
0 
0 
Brickwall1A 
212.7267 
0 
184.2561 
0 
90.00001 
0 
Brickwall1A 
341.7926 
0 
245.3873 
0 
90.00001 
0 
Tree_conf1 
306.8802 
0 
120.0056 
0 
38.57713 
0 
Tree2_big 
288.0318 
0 
240.6995 
0 
118.5712 
0 
Brickwall1A 
136.8848 
0 
316.0191 
0 
90.00001 
0 
Tree2 
317.2368 
0 
357.4992 
0 
339.5602 
0 
Barrel2 
304.8136 
0 
300.528 
0 
0 
0 
Hydrant 
280.916 
0.3660178 
216.669 
0 
90.00001 
0 
Fence1 
234.8889 
0 
228.5266 
0 
0 
0 
Fence1 
231.8889 
0 
228.5266 
0 
0 
0 
Fence1 
293.0354 
0 
195.3687 
0 
270 
0 
Fence1 
293.0354 
0 
192.3687 
0 
270 
0 
Box2 
270.9867 
0 
229.1116 
0 
0 
0 
Brickwall1B 
112.0615 
0 
256.4385 
0 
0 
0 
Container1 
163.0247 
0 
161.9885 
0 
352.3166 
0 
Tree1_big 
316.839 
0 
362.3834 
0 
343.5367 
0 
Shrooms 
161.8399 
0 
366.4528 
0 
0 
0 
Tree3 
163.6863 
0 
310.142 
0 
0 
0 
Fence1 
293.0354 
0 
189.3687 
0 
270 
0 
Fence1 
293.0354 
0 
186.3687 
0 
270 
0 
Brickwall1B 
343.0168 
0 
278.8312 
0 
0 
0 
Brickwall1B 
158.2739 
0 
183.488 
0 
0 
0 
Brickwall1A 
207.935 
0 
198.4309 
0 
0 
0 
Mailbox 
216.816 
-0.1100836 
218.9619 
0 
0 
0 
Brickwall1A 
364.0384 
0 
251.2645 
0 
0 
0 
House5 
139.8101 
0 
285.0541 
0 
0 
0 
Tree3 
389.9839 
0 
211.9269 
0 
297.3564 
0 
Bush2 
131.1571 
0 
261.9141 
0 
0 
0 
Fence1 
193.1042 
0 
267.745 
0 
270 
0 
Fence1 
193.1042 
0 
264.745 
0 
270 
0 
Brickwall1A 
228.8603 
0 
202.8877 
0 
0 
0 
Tree2_big 
195.7744 
0 
129.3805 
0 
199.3055 
0 
Fence1 
193.1042 
0 
261.745 
0 
270 
0 
Fence1 
193.1042 
0 
258.745 
0 
270 
0 
Brickwall1A 
242.7654 
0 
186.6048 
0 
0 
0 
Brickwall1A 
346.4125 
0 
254.6874 
0 
90.00001 
0 
Fence1_pole 
228.8624 
0 
254.9787 
0 
0 
0 
Box1 
230.114 
0 
187.9457 
0 
303.1791 
0 
Tree_conf2 
289.7367 
0 
353.1912 
0 
82.93935 
0 
Powrbox1 
248.9924 
0 
161.0715 
0 
270 
0 
Powrbox1 
328.19 
0 
254.5844 
0 
270 
0 
Tree_conf1 
405.7865 
0 
205.9688 
0 
297.3564 
0 
Hydrant 
325.5427 
0.3660178 
316.665 
0 
90.00001 
0 
Tree_conf1 
240.787 
0 
234.9199 
0 
0 
0 
Tree1 
323.3798 
0 
359.0491 
0 
198.5293 
0 
Tree_conf2 
209.5551 
0 
269.1287 
0 
0 
0 
Tree_conf2 
147.3656 
0 
190.2094 
0 
359.4153 
0 
Brickwall1B 
121.4782 
0 
256.4385 
0 
0 
0 
Tree3 
366.5628 
0 
187.738 
0 
356.536 
0 
Brickwall1B 
209.5962 
0 
146.0628 
0 
0 
0 
Brickwall1A 
354.8209 
0 
278.8313 
0 
90.00001 
0 
Air_conditioner 
217.3933 
3.789452 
200.9272 
0 
0 
0 
Tree1 
220.6163 
0 
361.4648 
0 
8.299238 
0 
Tree3 
199.3648 
0 
123.6293 
0 
301.1386 
0 
Tree1 
364.6169 
0 
291.2461 
0 
50.70406 
0 
Brickwall1A 
144.2457 
0 
242.2338 
0 
90.00001 
0 
Tree2_big 
132.6344 
0 
324.5752 
0 
341.1062 
0 
Brickwall1A 
122.6157 
0 
287.746 
0 
0 
0 
Tree3 
210.0011 
0 
261.2932 
0 
0 
0 
Brickwall1A 
238.9487 
0 
292.2875 
0 
90.00001 
0 
Brickwall1A 
172.2799 
0 
351.4645 
0 
90.00001 
0 
Brickwall1C 
122.623 
-0.2010322 
313.6897 
0 
180 
0 
Tire 
241.0531 
0 
191.9457 
0 
0 
0 
Brickwall1B 
185.9682 
0 
146.0421 
0 
0 
0 
Brickwall1B 
153.6073 
0 
183.488 
0 
0 
0 
Tree4 
392.2764 
0 
294.2328 
0 
82.22795 
0 
Metal_Fance1 
306.7477 
0 
290.4789 
0 
180 
0 
Metal_Fence2 
311.7477 
0 
290.4789 
0 
180 
0 
Tree_conf2 
279.5528 
0 
151.8453 
0 
0 
0 
Tree3 
126.2563 
0 
326.8747 
0 
82.93935 
0 
Tree2 
101.9126 
0 
295.126 
0 
74.26543 
0 
Tree1 
124.8581 
0 
190.7118 
0 
339.349 
0 
Metal_Fance1 
162.0829 
0 
223.6853 
0 
180 
0 
Metal_Fence2 
167.0829 
0 
223.6853 
0 
178.7 
0 
Tree3 
309.139 
0 
401.0204 
0 
302.549 
0 
Mailbox 
308.3073 
0 
201.4015 
0 
180 
0 
Powrbox1 
173.7477 
0 
237.721 
0 
0 
0 
Pallet 
226.1732 
0 
300.9294 
0 
31.01042 
0 
Tree4 
165.8592 
0 
322.5056 
0 
181.7533 
0 
Tree_conf2 
304.4188 
0 
149.3148 
0 
262.2406 
0 
Metal_Fance1 
172.0829 
0 
223.6853 
0 
180 
0 
Brickwall1A 
356.8857 
0 
230.7202 
0 
90.00001 
0 
Tree_conf1 
358.458 
0 
318.2305 
0 
0 
0 
Brickwall1A 
364.0384 
0 
269.5282 
0 
0 
0 
Tree_conf2 
369.167 
0 
252.2531 
0 
349.2199 
0 
Powerpole1 
413 
0 
279 
0 
90.00001 
0 
Brickwall1A 
321.3284 
0 
352.8105 
0 
90.00001 
0 
Hydrant 
325.6262 
0.3660178 
258.8157 
0 
90.00001 
0 
Tree2 
157.8392 
0 
197.5426 
0 
74.07954 
0 
Brickwall1B 
122.6093 
0 
285.3624 
0 
0 
0 
Bench1 
253.5009 
0 
228.5878 
0 
0 
0 
Fence1 
181.1108 
0 
261.7907 
0 
90.00001 
0 
Fence1 
181.1108 
0 
264.7907 
0 
90.00001 
0 
Powrbox1 
312.7172 
0 
190.1099 
0 
180 
0 
Air_conditioner 
292.4043 
4.480774 
325.5703 
0 
0 
0 
Hydrant 
157.5146 
0.3660178 
314.2267 
0 
90.00001 
0 
Trash2 
315.6919 
0 
219.5131 
0 
0 
0 
Tree3 
234.0766 
0 
355.2092 
0 
260.42 
0 
Tree_conf1 
121.9966 
0 
185.8445 
0 
45.71577 
0 
Trash2 
166.2212 
0 
289.6332 
0 
328.5094 
0 
Umbrella1B 
234.3945 
0 
222.5831 
0 
0 
0 
Hydrant 
213.7328 
0.3660178 
148.3229 
0 
90.00001 
0 
Brickwall1B 
256.8016 
0 
323.9301 
0 
0 
0 
House18 
226.2169 
0 
185.9606 
0 
90.00001 
0 
Fence1 
325.8773 
0 
210.2999 
0 
180 
0 
Fence1 
328.8773 
0 
210.2999 
0 
180 
0 
Tire 
305.9654 
0 
221.9107 
0 
0 
0 
Fence1 
148.0596 
0 
290.9962 
0 
90.00001 
0 
Fence1 
148.0596 
0 
293.9962 
0 
90.00001 
0 
Tree_conf2 
199.6902 
0 
134.6001 
0 
301.1386 
0 
Evac1A 
217.4205 
1.637141 
186.0811 
0 
270 
0 
Evac1A 
217.4205 
4.067187 
186.0811 
0 
270 
0 
Tree_conf2 
313.8991 
0 
163.1652 
0 
262.2406 
0 
Billboard1 
147.5366 
0 
315.6233 
0 
0 
0 
Tree_conf1 
324.3373 
0 
393.6565 
0 
302.549 
0 
Brickwall1B 
257.9207 
0 
294.8904 
0 
0 
0 
Tree2 
133.6786 
0 
206.9473 
0 
15.80286 
0 
Road_Barrier 
119.1608 
0.3307655 
231.5368 
0 
170.891 
0 
Box2 
161.174 
0 
164.5987 
0 
327.116 
0 
House3 
261.6028 
0 
165.2587 
0 
90.00001 
0 
Evac1A 
217.4205 
6.487507 
186.0811 
0 
270 
0 
Evac1B 
216.8712 
1.665184 
186.8871 
0 
270 
0 
Evac1B 
216.8712 
4.089993 
186.8871 
0 
270 
0 
Fence1 
317.0136 
0 
183.353 
0 
90.00001 
0 
Pack 
160.9079 
0 
228.1095 
0 
71.18073 
0 
Fence1 
317.0136 
0 
186.353 
0 
90.00001 
0 
Tree1 
192.2021 
0 
124.5544 
0 
234.7718 
0 
Brickwall1B 
112.0156 
0 
237.6102 
0 
0 
0 
Brickwall1A 
155.9946 
0 
206.9957 
0 
90.00001 
0 
Fence1 
317.0136 
0 
189.353 
0 
90.00001 
0 
Fence1 
317.0136 
0 
192.353 
0 
90.00001 
0 
Brickwall1B 
364.0384 
0 
235.2911 
0 
0 
0 
Tree1 
115.8989 
0 
262.5317 
0 
227.122 
0 
Gas_Tank 
231.8223 
0 
316.4818 
0 
90.00001 
0 
Brickwall1B 
112.0156 
0 
232.9264 
0 
0 
0 
Tree_conf2 
158.8249 
0 
201.3454 
0 
359.4153 
0 
Container1 
239.1353 
2.468735 
308.073 
0 
0 
0 
Tree2 
247.6035 
0 
135.5585 
0 
272.6278 
0 
Bush2 
179.7972 
0 
298.2189 
0 
0 
0 
Shrooms 
283.1171 
0 
169.1295 
0 
190.5594 
0 
Tree_conf2 
91.90338 
0 
248.5836 
0 
168.9663 
0 
Trash2 
212.4801 
0 
170.774 
0 
0 
0 
Tree_conf1 
112.7852 
0 
322.9639 
0 
82.93935 
0 
Tree3 
350.2711 
0 
199.0989 
0 
0 
0 
Shrooms 
262.0537 
0 
355.0087 
0 
108.4449 
0 
Tree3 
240.5913 
0 
130.3095 
0 
0 
0 
Tree1 
311.5304 
0 
180.4089 
0 
24.3431 
0 
Powerpole_cable50M 
268 
0 
230 
0 
270 
0 
Bush1 
172.825 
0 
332.1504 
0 
168.5023 
0 
Brickwall1B 
130.811 
0 
256.4385 
0 
0 
0 
Tree1 
249.013 
0 
368.6934 
0 
50.70406 
0 
Brickwall1B 
328.3835 
0 
334.2249 
0 
0 
0 
Fence1 
166.1113 
0 
303.6429 
0 
180 
0 
Fence1 
169.1113 
0 
303.6429 
0 
180 
0 
House17 
292.6099 
0 
259.7422 
0 
90.00001 
0 
Fence1 
172.1113 
0 
303.6429 
0 
180 
0 
Fence1 
175.1113 
0 
303.6429 
0 
180 
0 
Evac1A 
298.9438 
2.846262 
265.0825 
0 
270 
0 
Evac1A 
298.9438 
5.276309 
265.0825 
0 
270 
0 
Tree_conf2 
159.539 
0 
374.0934 
0 
117.0708 
0 
Tree1_big 
140.0548 
0 
348.7516 
0 
82.25318 
0 
Tree2 
351.9977 
0 
184.9128 
0 
178.7279 
0 
Evac1A 
298.9438 
7.696629 
265.0825 
0 
270 
0 
Evac1B 
298.3945 
2.874306 
265.8885 
0 
270 
0 
Evac1B 
298.3945 
5.299115 
265.8885 
0 
270 
0 
Fence1 
208.0277 
0 
278.999 
0 
270 
0 
Fence1 
208.0277 
0 
275.999 
0 
270 
0 
Brickwall1B 
179.4128 
0 
351.4644 
0 
0 
0 
Powrbox2 
270.3428 
0 
258.0148 
0 
270 
0 
Fence1 
208.0277 
0 
272.999 
0 
270 
0 
Fence1 
208.0277 
0 
269.999 
0 
270 
0 
Brickwall1A 
364.0384 
0 
274.0991 
0 
0 
0 
Tree2 
255.038 
0 
366.7342 
0 
191.735 
0 
House1 
225.9224 
0 
267.963 
0 
90.00001 
0 
Powrbox1 
237.7822 
0 
162.5821 
0 
270 
0 
Tree1 
209.3378 
0 
227.3753 
0 
24.56701 
0 
Tree4 
303.6121 
0 
173.7679 
0 
181.7533 
0 
Tree_conf2 
142.3252 
0 
339.1438 
0 
3.612518 
0 
Trash2 
327.9882 
0 
245.3142 
0 
0 
0 
Barrel2 
346.0382 
0 
255.9937 
0 
250.2041 
0 
Brickwall1B 
146.5371 
0 
228.1754 
0 
0 
0 
Metal_Fance1 
262.0029 
0 
315.5543 
0 
180 
0 
Metal_Fence2 
267.0029 
0 
315.5543 
0 
183 
0 
Tree_conf1 
163.6211 
0 
256.6933 
0 
0 
0 
Metal_Fance1 
272.0029 
0 
315.5543 
0 
180 
0 
Metal_Fence2 
277.0029 
0 
315.5543 
0 
177.5 
0 
Pipe1A 
170.824 
0 
133.6334 
0 
0 
0 
Pipe1A 
164.824 
0 
133.6334 
0 
0 
0 
Pipe1A 
173.824 
0 
142.6334 
0 
270 
0 
Pipe1A 
158.824 
0 
133.6334 
0 
0 
0 
Pipe1C 
173.824 
0 
142.6334 
0 
270 
0 
Pipe1D 
152.824 
0 
133.6334 
0 
0 
0 
Pipe1E 
173.824 
0 
136.6334 
0 
270 
0 
Fence1 
247.2109 
0 
167.5385 
0 
270 
0 
Fence1 
247.2109 
0 
164.5385 
0 
270 
0 
Tree4 
269.9379 
0 
143.256 
0 
3.685903 
0 
Bush2 
253.6503 
0 
258.9177 
0 
0 
0 
Barrel4 
311.6935 
0 
184.3352 
0 
0 
0 
Hydrant 
114.1626 
0.3660178 
240.4245 
0 
90.00001 
0 
Brickwall1A 
122.6157 
0 
301.9308 
0 
0 
0 
Metal_Fance1 
226.7402 
0 
305.3201 
0 
180 
0 
Metal_Fence2 
231.7402 
0 
305.3201 
0 
183 
0 
Shed1A 
301.2968 
3.4956 
243.5948 
0 
0 
0 
Tree2 
120.9697 
0 
208.1415 
0 
227.9076 
0 
Fence1 
308.0408 
0 
201.3628 
0 
0 
0 
Brickwall1A 
158.1885 
0 
351.4645 
0 
90.00001 
0 
Brickwall1C 
170.1963 
-0.1646824 
185.7858 
0 
0 
0 
Brickwall1B 
170.0967 
0 
195.254 
0 
0 
0 
House7 
311.2478 
0 
194.0047 
0 
0 
0 
Brickwall1A 
296.274 
0 
266.7743 
0 
90.00001 
0 
Tree3 
357.4066 
0 
291.6608 
0 
117.0708 
0 
Tree_conf1 
361.0349 
0 
281.1075 
0 
117.0708 
0 
Hydrant 
256.6069 
0.3660178 
172.8473 
0 
90.00001 
0 
Box2 
344.1992 
0 
260.5572 
0 
45.77692 
0 
Brickwall1A 
133.1983 
0 
265.8772 
0 
90.00001 
0 
Trash2 
279.0826 
0 
327.4686 
0 
0 
0 
Food_bar 
209.6112 
0 
166.3037 
0 
0 
0 
Metal_Fance1 
236.7402 
0 
305.3201 
0 
180 
0 
Metal_Fence2 
241.7402 
0 
305.3201 
0 
177.5 
0 
Tree_conf2 
330.1511 
0 
183.5395 
0 
0 
0 
House12 
302.6609 
0 
226.1168 
0 
90.00001 
0 
Brickwall1A 
328.3835 
0 
350.4524 
0 
0 
0 
Garage3 
350.2732 
0 
258.7489 
0 
90.00001 
0 
Powrbox1 
231.6662 
0 
203.7979 
0 
270 
0 
Brickwall1B 
233.2525 
0 
184.2673 
0 
0 
0 
Hydrant 
193.5872 
0.3660178 
336.0998 
0 
90.00001 
0 
Powerpole1_cable 
240 
0 
350 
0 
0 
0 
Tree4 
128.5433 
0 
212.0453 
0 
92.33311 
0 
Brickwall1B 
298.4388 
0 
266.7747 
0 
0 
0 
Powrbox2 
291.2152 
0 
228.1497 
0 
0 
0 
Tree_conf2 
136.4281 
0 
352.8192 
0 
3.612518 
0 
Brickwall1A 
221.3243 
0 
146.0421 
0 
90.00001 
0 
Fence1 
160.1142 
0 
303.6602 
0 
180 
0 
Fence1 
163.1142 
0 
303.6602 
0 
180 
0 
Tree3 
320.9603 
0 
184.8331 
0 
126.1692 
0 
Air_conditioner 
263.1924 
3.681793 
170.1705 
0 
0 
0 
Hydrant 
266.9516 
0.3660178 
312.5773 
0 
90.00001 
0 
Metal_Fance1 
291.5979 
0 
203.4599 
0 
270 
0 
Metal_Fence2 
291.5979 
0 
198.4599 
0 
268.7 
0 
Tree_conf2 
169.7294 
0 
311.0286 
0 
0 
0 
Tree3 
123.1211 
0 
262.5684 
0 
293.4888 
0 
Brickwall1A 
193.0475 
0 
146.0421 
0 
90.00001 
0 
Tree_conf2 
106.2724 
0 
239.9097 
0 
168.9663 
0 
House14 
219.6262 
0 
185.9448 
0 
180 
0 
Tree3 
196.8194 
0 
353.0018 
0 
37.99496 
0 
Tree_conf2 
374.417 
0 
214.6114 
0 
301.1386 
0 
Tree1_big 
167.8934 
0 
124.8976 
0 
19.77929 
0 
Brickwall1A 
271.3657 
0 
262.9666 
0 
0 
0 
Metal_Fance1 
291.5979 
0 
193.4599 
0 
270 
0 
Fence1 
279.9932 
0 
161.4491 
0 
90.00001 
0 
Fence1 
279.9932 
0 
164.4491 
0 
90.00001 
0 
Container2 
238.912 
2.468735 
322.9036 
0 
0 
0 
Tree1 
300.1751 
0 
119.5788 
0 
332.2104 
0 
Tree1 
234.6695 
0 
231.7585 
0 
50.48807 
0 
Mailbox 
247.0752 
-0.1100836 
236.5291 
0 
180 
0 
Fence1 
279.9932 
0 
167.4491 
0 
90.00001 
0 
Fence1 
279.9932 
0 
170.4491 
0 
90.00001 
0 
Fence1 
178.0781 
0 
303.6167 
0 
270 
0 
Brickwall1A 
122.6157 
0 
292.4298 
0 
0 
0 
Bush1 
185.6855 
0 
296.7444 
0 
168.5023 
0 
Powrbox2 
211.5392 
0 
198.2796 
0 
270 
0 
Bush1 
190.1136 
0 
204.5341 
0 
168.5023 
0 
Barrel3 
279.375 
0 
322.1236 
0 
0 
0 
Tree1_big 
243.9585 
0 
135.6161 
0 
0 
0 
Tree3 
320.535 
0 
154.4227 
0 
262.2406 
0 
Brickwall1A 
160.6613 
0 
183.488 
0 
90.00001 
0 
Tree_conf2 
352.2664 
0 
344.1432 
0 
264.896 
0 
Barrel2 
262.1131 
0 
317.1746 
0 
0 
0 
Brickwall1B 
236.5613 
0 
292.2875 
0 
0 
0 
Container1 
237.7967 
0 
314.1466 
0 
0 
0 
BusStop 
138.5516 
0 
297.249 
0 
270 
0 
Barrel2 
242.7156 
0 
310.9146 
0 
0 
0 
Bench1 
245.01 
0 
167.1673 
0 
90.00001 
0 
Fence1 
178.0781 
0 
300.6167 
0 
270 
0 
Tree2 
114.3973 
0 
371.9284 
0 
227.9076 
0 
Tree2_big 
323.4078 
0 
365.0537 
0 
163.0629 
0 
Tree3 
102.096 
0 
322.1524 
0 
115.1771 
0 
Powrbox1 
302.2458 
0 
199.3682 
0 
0 
0 
Tree3 
372.7115 
0 
246.3419 
0 
168.9663 
0 
Hydrant 
318.3712 
0.3660178 
310.2107 
0 
90.00001 
0 
Powerpole1_cable 
240 
0 
230 
0 
0 
0 
Mailbox 
202.1487 
0 
304.1435 
0 
270 
0 
Brickwall1A 
337.1502 
0 
265.623 
0 
90.00001 
0 
Tree2 
139.6673 
0 
115.4313 
0 
190.432 
0 
Tree3 
361.4555 
0 
314.7698 
0 
185.754 
0 
Tree_conf2 
266.0846 
0 
384.5031 
0.6999717 
0 
0 
Hydrant 
309.9806 
0.3660178 
348.7216 
0 
90.00001 
0 
Tree1 
162.4768 
0 
275.3533 
0 
217.1915 
0 
Gas_bottle 
328.7561 
0 
193.6997 
0 
0 
0 
Shrooms 
197.9081 
0 
331.868 
0 
108.4449 
0 
Powrbox1 
243.6035 
0 
256.0617 
0 
0 
0 
Tree3 
370.3375 
0 
277.5499 
0 
302.8248 
0 
Tree3 
112.4668 
0 
300.2698 
0 
185.3552 
0 
Brickwall1A 
132.2182 
0 
316.0191 
0 
90.00001 
0 
House7 
187.4428 
0 
285.3895 
0 
90.00001 
0 
Tree2 
238.2071 
0 
143.9037 
0 
358.5189 
0 
Trash2 
329.9298 
0 
304.9324 
0 
0 
0 
Hydrant 
265.5922 
0.3660178 
222.3478 
0 
90.00001 
0 
Brickwall1B 
364.0384 
0 
253.5956 
0 
0 
0 
Shrooms 
192.4454 
0 
204.6974 
0 
181.7989 
0 
House14 
312.3326 
0 
240.9559 
0 
0 
0 
Brickwall1B 
137.0903 
0 
242.2337 
0 
0 
0 
Brickwall1B 
345.0817 
0 
221.3152 
0 
0 
0 
Powerpole1_cable 
240 
0 
320 
0 
0 
0 
Hydrant 
265.5922 
0.3660178 
265.0116 
0 
90.00001 
0 
Hydrant 
284.3814 
0.3660178 
252.7324 
0 
90.00001 
0 
Air_conditioner 
310.2113 
6.64231 
223.4544 
0 
270 
0 
House9 
331.4238 
0 
263.9302 
0 
270 
0 
Pack 
228.5111 
0.3825927 
311.9449 
0 
0 
0 
Trash2 
241.71 
0 
194.0268 
0 
0 
0 
House15 
248.7785 
0 
204.324 
0 
0 
0 
Tree2 
226.3863 
0 
364.0811 
0 
149.3302 
0 
Hydrant 
312.0603 
0.3660178 
277.7956 
0 
90.00001 
0 
Tree_conf1 
143.2811 
0 
357.1348 
0 
3.612518 
0 
Brickwall1A 
122.6157 
0 
311.4014 
0 
0 
0 
Tree3 
372.4105 
0 
307.1026 
0 
260.4747 
0 
Trash1 
300.9176 
0 
323.621 
0 
270 
0 
Barrel2 
269.9507 
0 
262.7998 
0 
25.13241 
0 
Brickwall1A 
344.1469 
0 
247.7058 
0 
0 
0 
Hydrant 
258.2592 
0.3660178 
192.8494 
0 
90.00001 
0 
Tree2 
361.517 
0 
360.1104 
0 
124.7408 
0 
Tree3 
168.604 
0 
354.9972 
0 
302.8248 
0 
Brickwall1A 
328.3835 
0 
331.8378 
0 
0 
0 
Brickwall1A 
122.6157 
0 
297.1841 
0 
0 
0 
Hydrant 
218.6158 
0.3660178 
303.4695 
0 
90.00001 
0 
House3 
194.4941 
0 
297.8841 
0 
180 
0 
Tree_conf1 
336.2184 
0 
287.4866 
0 
0 
0 
Brickwall1A 
260.1228 
0 
352.8105 
0 
90.00001 
0 
Hydrant 
329.1545 
0.3660178 
240.5658 
0 
90.00001 
0 
Road_Barrier 
147.7969 
0.3307655 
250.294 
0 
90.00001 
0 
Brickwall1A 
170.1031 
0 
202.3247 
0 
0 
0 
Trash1 
266.6364 
0 
156.9117 
0 
0 
0 
Shop 
179.3826 
0 
230.8412 
0 
270 
0 
Tree_conf1 
405.4712 
0 
260.2514 
0 
260.4747 
0 
Container2 
299.0586 
2.468735 
296.8588 
0 
0 
0 
Garage1 
195.9548 
0 
305.9849 
0 
90.00001 
0 
Tree2_big 
245.7922 
0 
363.626 
0 
15.23766 
0 
Container1 
307.2641 
0 
303.5999 
0 
0 
0 
BusStop 
239.7924 
0 
168.8715 
0 
0 
0 
Trash1 
301.0532 
0 
319.8827 
0 
290.8538 
0 
Brickwall1A 
328.3835 
0 
290.6988 
0 
0 
0 
Tree_conf1 
141.2753 
0 
216.9117 
0 
301.1386 
0 
Tree_conf1 
398.5423 
0 
213.6455 
0 
297.3564 
0 
Tree_conf1 
221.4489 
0 
115.4652 
0 
8.240191 
0 
Brickwall1A 
127.7634 
0 
239.9971 
0 
0 
0 
Brickwall1B 
276.595 
0 
352.8105 
0 
0 
0 
Fence1 
148.0596 
0 
285.0138 
0 
90.00001 
0 
Fence1 
148.0596 
0 
288.0138 
0 
90.00001 
0 
Fence1 
231.9156 
0 
237.371 
0 
270 
0 
Fence1 
231.9156 
0 
234.371 
0 
270 
0 
Brickwall1B 
122.6093 
0 
304.2982 
0 
0 
0 
Fence1 
231.9156 
0 
231.371 
0 
270 
0 
Fence1 
240.9186 
0 
219.513 
0 
0 
0 
Fence1 
237.9186 
0 
219.513 
0 
0 
0 
Tree2 
106.5521 
0 
243.8283 
0 
243.6305 
0 
Brickwall1B 
158.2739 
0 
206.9957 
0 
0 
0 
Tree_conf2 
179.7514 
0 
301.4652 
0 
0 
0 
Tree_conf2 
234.7412 
0 
135.825 
0 
0 
0 
Mailbox 
320.5589 
0 
207.3023 
0 
180 
0 
House3 
187.4733 
0 
261.9303 
0 
90.00001 
0 
Tree2 
350.8661 
0 
309.6992 
0 
74.66421 
0 
Tree1_big 
170.4517 
0 
329.2675 
0 
0 
0 
Brickwall1B 
328.3835 
0 
329.598 
0 
0 
0 
Powerpole1_cable 
328 
0 
230 
0 
270 
0 
Brickwall1A 
311.9117 
0 
352.8105 
0 
90.00001 
0 
Tree_conf1 
210.1851 
0 
333.6596 
0 
82.93935 
0 
Air_conditioner 
269.4986 
3.747501 
224.9764 
0 
270 
0 
Bush1 
194.4827 
0 
352.8487 
0 
168.5023 
0 
Tree3 
215.0126 
0 
356.9084 
0 
74.66602 
0 
Pallet 
342.4814 
0 
219.6219 
0 
312.0467 
0 
Fence1 
234.9186 
0 
219.513 
0 
0 
0 
Tree_conf1 
166.9551 
0 
196.3203 
0 
359.4153 
0 
Tree_conf1 
371.221 
0 
214.4247 
0 
301.1386 
0 
Brickwall1B 
246.0728 
0 
297.2153 
0 
0 
0 
Hydrant 
299.6505 
0.3660178 
269.1573 
0 
90.00001 
0 
Container1 
231.1578 
0 
308.2351 
0 
0 
0 
Brickwall1A 
361.6538 
0 
230.7202 
0 
90.00001 
0 
Tree4 
409.1212 
0 
242.6634 
0 
82.22795 
0 
Powrbox1 
297.2789 
0 
258.4579 
0 
90.00001 
0 
Bush2 
236.0658 
0 
233.8768 
0 
0 
0 
Tree1 
140.1734 
0 
261.7424 
0 
93.01202 
0 
Tree_conf2 
200.8915 
0 
367.543 
0 
0 
0 
Brickwall1A 
146.5436 
0 
230.5589 
0 
0 
0 
Grill 
237.2108 
0 
224.712 
0 
292.0523 
0 
Tree1_big 
106.813 
0 
295.1216 
0 
78.24185 
0 
Brickwall1B 
146.3498 
0 
323.0581 
0 
0 
0 
Hydrant 
165.5467 
0.3660178 
348.4348 
0 
90.00001 
0 
Powrbox1 
222.7077 
0 
268.5306 
0 
270 
0 
Trash1 
345.446 
0 
263.6801 
0 
180 
0 
Tree3 
352.884 
0 
350.4217 
0 
264.896 
0 
Brickwall1A 
231.1877 
0 
205.2263 
0 
90.00001 
0 
Tree_conf2 
331.4751 
0 
153.81 
0.6999716 
332.2668 
2.668242E-08 
Tree_conf1 
342.9796 
0 
164.3811 
0 
332.2667 
0 
Pallet 
305.1728 
0 
284.7242 
0 
23.53752 
0 
Tree_conf2 
252.8827 
0 
140.2069 
0 
0 
0 
Tree_conf1 
291.5019 
0 
165.0317 
0 
0 
0 
Brickwall1B 
148.8573 
0 
183.488 
0 
0 
0 
Trash2 
334.257 
0 
259.619 
0 
0 
0 
Air_conditioner 
306.8712 
3.566935 
196.0574 
0 
270 
0 
Brickwall1A 
345.4042 
0 
278.8313 
0 
90.00001 
0 
Tree_conf2 
244.1113 
0 
116.9229 
0.6999715 
38.57715 
-2.668242E-08 
Tree3 
154.5027 
0 
115.2431 
0 
8.240191 
0 
Hydrant 
253.6543 
0.3660178 
245.2464 
0 
90.00001 
0 
Powerpole1_cable 
240 
0 
380 
0 
0 
0 
Brickwall1B 
333.1527 
0 
302.2024 
0 
0 
0 
Powerpole1 
240 
0 
410 
0 
0 
0 
Brickwall1B 
268.6898 
0 
335.6509 
0 
0 
0 
Tree_conf2 
102.9107 
0 
298.9256 
0 
359.6013 
0 
Tree1 
314.3796 
0 
150.6449 
0 
195.8738 
0 
Brickwall1A 
333.1806 
0 
313.9368 
0 
0 
0 
Umbrella1B 
164.6219 
0 
299.8766 
0 
0 
0 
Tree1_big 
283.3362 
0 
146.8061 
0 
274.1143 
0 
Tree4 
102.398 
0 
362.0004 
0 
227.469 
0 
Bench1 
191.3623 
0 
285.7722 
0 
0 
0 
Brickwall1C 
243.7767 
-0.2479715 
294.6952 
0 
0 
0 
Tree3 
126.0563 
0 
362.7529 
0 
45.71577 
0 
Brickwall1A 
207.935 
0 
188.9746 
0 
0 
0 
Brickwall1B 
112.0156 
0 
242.3499 
0 
0 
0 
Brickwall1A 
145.0687 
0 
258.7877 
0 
0 
0 
Barrel1 
260.8984 
0 
318.9966 
0 
82.14954 
0 
Tree_conf1 
304.8954 
0 
360.9894 
0 
82.93935 
0 
Brickwall1A 
119.1989 
0 
256.4385 
0 
90.00001 
0 
Tree3 
334.9778 
0 
167.8695 
0 
332.2667 
0 
Hydrant 
174.3372 
0.3660178 
197.0238 
0 
90.00001 
0 
Fence1_pole 
247.0766 
0 
219.4964 
0 
0 
0 
Barrel3 
211.1988 
0 
196.1375 
0 
0 
0 
Brickwall1B 
228.8225 
0 
200.521 
0 
0 
0 
Food_bar 
166.144 
0 
235.4584 
0 
270 
0 
Fence1 
250.1044 
0 
276.1133 
0 
90.00001 
0 
Road_Barrier 
215.1737 
0.3307655 
209.3943 
0 
170.891 
0 
Fence1 
196.056 
0 
309.6471 
0 
0 
0 
Fence1 
193.056 
0 
309.6471 
0 
0 
0 
Brickwall1A 
112.022 
0 
254.1716 
0 
0 
0 
Tree3 
354.7756 
0 
296.8336 
0 
0 
0 
Brickwall1B 
364.0384 
0 
244.4637 
0 
0 
0 
Box2 
308.8698 
0 
295.3081 
0 
0 
0 
Umbrella1B 
320.1492 
0 
195.3871 
0 
0 
0 
Powerpole1_cable 
212 
0 
170 
0 
0 
0 
Tree3 
363.5437 
0 
323.6318 
0 
359.4153 
0 
Tree3 
216.3263 
0 
336.3018 
0 
268.6933 
0 
Tree2_big 
272.6142 
0 
136.7106 
0 
93.10764 
0 
Tree1 
371.3788 
0 
258.2073 
0 
282.8531 
0 
Tree1_big 
307.6915 
0 
153.6724 
0 
340.8812 
0 
Fence1 
190.056 
0 
309.6471 
0 
0 
0 
Fence1 
187.056 
0 
309.6471 
0 
0 
0 
Tree_conf2 
364.3337 
0 
302.2285 
0 
0 
0 
Tree_conf1 
164.2203 
0 
336.8345 
0 
0 
0 
Fence1 
328.96 
0 
192.3519 
0 
0 
0 
Fence1 
325.96 
0 
192.3519 
0 
0 
0 
Brickwall1A 
288.3497 
0 
352.8105 
0 
90.00001 
0 
Brickwall1B 
146.3498 
0 
327.8091 
0 
0 
0 
Tree_conf1 
226.3298 
0 
124.8241 
0 
8.240191 
0 
Air_conditioner 
340.5668 
5.321769 
266.8075 
0 
0 
0 
Brickwall1A 
330.7668 
0 
315.8908 
0 
90.00001 
0 
Powerpole_cable50M 
212 
0 
200 
0 
0 
0 
Bench1 
166.0513 
0 
281.1021 
0 
0 
0 
House14 
341.4235 
0 
264.3616 
0 
180 
0 
Tree1_big 
290.567 
0 
175.9194 
0 
85.06582 
0 
Shrooms 
365.1667 
0 
219.0358 
0 
74.85036 
0 
Brickwall1A 
207.2322 
0 
146.0421 
0 
90.00001 
0 
Tree2 
207.0679 
0 
132.5357 
0 
190.432 
0 
Fence1 
322.96 
0 
192.3519 
0 
0 
0 
Fence1 
319.96 
0 
192.3519 
0 
0 
0 
Brickwall1B 
169.8926 
0 
351.4644 
0 
0 
0 
Hydrant 
200.687 
0.3660178 
324.6254 
0 
90.00001 
0 
Barrel3 
295.2818 
0.5145619 
235.8324 
90 
301.4393 
0 
Hydrant 
304.6237 
0.3660178 
245.2464 
0 
90.00001 
0 
Trash2 
304.6557 
0 
281.0597 
0 
0 
0 
Tree3 
146.7124 
0 
203.6406 
0 
301.1386 
0 
Container1 
239.1353 
0 
308.073 
0 
0 
0 
Brickwall1B 
256.7977 
0 
333.3 
0 
0 
0 
Powrbox1 
278.9412 
0 
224.5066 
0 
0 
0 
Fence1 
160.1214 
0 
291.7659 
0 
90.00001 
0 
Fence1 
160.1214 
0 
294.7659 
0 
90.00001 
0 
Powerpole_cable50M 
108 
0 
230 
0 
270 
0 
Brickwall1B 
328.3835 
0 
315.8831 
0 
0 
0 
Brickwall1B 
141.8584 
0 
242.2337 
0 
0 
0 
Fence1 
160.1214 
0 
297.7659 
0 
90.00001 
0 
Fence1 
160.1214 
0 
300.7659 
0 
90.00001 
0 
Fence1 
190.0826 
0 
273.5317 
0 
270 
0 
Air_conditioner 
282.9766 
5.321769 
259.9188 
0 
0 
0 
Tree_conf1 
376.4741 
0 
374.4903 
0 
302.549 
0 
Tree_conf2 
361.2725 
0 
296.6461 
0 
117.0708 
0 
Tree2 
308.3149 
0 
148.8117 
0 
336.9048 
0 
Container1 
299.0586 
0 
303.5999 
0 
345.4778 
0 
Tree_conf2 
195.1549 
0 
118.9305 
0 
301.1386 
0 
Tree_conf2 
99.7049 
0 
283.4182 
0 
359.6013 
0 
Fence1 
190.0826 
0 
270.5317 
0 
270 
0 
Box1 
275.7687 
0 
224.9697 
0 
0 
0 
Tree2 
322.8611 
0 
159.3073 
0 
154.4586 
0 
Pallet 
298.2189 
0 
319.1586 
0 
9.39239 
0 
